# --- Use emacs in sh mode -*-sh-*- #
# This is a automatically generated file by fastNLO and holds the values of the warmup run. 
# The values are valid for the scenario zy
# and if calculated with the steerfile: /var/lib/condor/execute/dir_7329/7405/MCgrid_CMS_2015_Zee/phasespace/zy.txt
# but only if no serious changes have been performed since its creation.
# 
# Delete this file, if you want fastNLO to calculate a new one.
# 
# This file has been calculated using 1.3e+07 contributions.
#   ( Mind: contributions != events. And contributions are not necessarily in phase space region.
# Please check by eye for reasonability of the values.
 
Warmup.OrderInAlphasOfWarmupRunWas	1
Warmup.CheckScaleLimitsAgainstBins	true
Warmup.ScaleDescriptionScale1     	"Description_[GeV]"
Warmup.DifferentialDimension      	1
Warmup.DimensionLabels {
  "Description_[GeV]"  
} 
Warmup.DimensionIsDifferential {
  "2"  
} 

Warmup.Values {{
   ObsBin       x_min      x_max  Description_[GeV]_min  Description_[GeV]_max
      0      8.94e-04   1.00e+00             88.00            781.43
      1      9.26e-04   1.00e+00             88.00            866.11
      2      1.03e-03   1.00e+00             88.00            927.47
      3      1.07e-03   1.00e+00             88.00           1027.16
      4      1.22e-03   1.00e+00             88.00           1137.84
      5      1.37e-03   1.00e+00             88.00           1242.88
      6      1.45e-03   1.00e+00             88.00           1387.53
      7      1.61e-03   1.00e+00             88.00           1472.56
      8      1.78e-03   1.00e+00             88.00           1509.86
      9      1.95e-03   1.00e+00             88.00           1747.62
     10      2.18e-03   1.00e+00             88.00           2010.06
     11      2.40e-03   1.00e+00             88.00           2127.07
     12      2.60e-03   1.00e+00             88.00           2359.50
     13      2.89e-03   1.00e+00             88.00           2509.94
     14      3.22e-03   1.00e+00             88.00           2730.92
     15      3.54e-03   9.99e-01             88.00           2909.30
     16      3.86e-03   9.99e-01             88.00           3049.39
     17      4.25e-03   1.00e+00             88.00           3301.04
     18      4.82e-03   1.00e+00             88.00           3484.26
     19      5.21e-03   1.00e+00             88.00           3551.16
     20      5.83e-03   1.00e+00             88.00           3733.76
     21      6.38e-03   1.00e+00             88.00           3900.00
     22      7.10e-03   1.00e+00             88.00           3922.63
     23      7.71e-03   1.00e+00             88.00           3920.84
     24      7.71e-03   1.00e+00             88.00           3920.84
     25      7.10e-03   1.00e+00             88.00           3922.63
     26      6.38e-03   1.00e+00             88.00           3900.00
     27      5.83e-03   1.00e+00             88.00           3733.76
     28      5.21e-03   1.00e+00             88.00           3551.16
     29      4.82e-03   1.00e+00             88.00           3484.26
     30      4.25e-03   1.00e+00             88.00           3301.04
     31      3.86e-03   9.99e-01             88.00           3049.39
     32      3.54e-03   9.99e-01             88.00           2909.30
     33      3.22e-03   1.00e+00             88.00           2730.92
     34      2.89e-03   1.00e+00             88.00           2509.94
     35      2.60e-03   1.00e+00             88.00           2359.50
     36      2.40e-03   1.00e+00             88.00           2127.07
     37      2.18e-03   1.00e+00             88.00           2010.06
     38      1.95e-03   1.00e+00             88.00           1747.62
     39      1.78e-03   1.00e+00             88.00           1509.86
     40      1.61e-03   1.00e+00             88.00           1472.56
     41      1.45e-03   1.00e+00             88.00           1387.53
     42      1.37e-03   1.00e+00             88.00           1242.88
     43      1.22e-03   1.00e+00             88.00           1137.84
     44      1.07e-03   1.00e+00             88.00           1027.16
     45      1.03e-03   1.00e+00             88.00            927.47
     46      9.26e-04   1.00e+00             88.00            866.11
     47      8.94e-04   1.00e+00             88.00            781.43
}}


Warmup.Binning {{
    ObsBin  Description_[GeV]_Lo  Description_[GeV]_Up       BinSize
      0       -2.40000     -2.30000       0.100000   
      1       -2.30000     -2.20000       0.100000   
      2       -2.20000     -2.10000       0.100000   
      3       -2.10000     -2.00000       0.100000   
      4       -2.00000     -1.90000       0.100000   
      5       -1.90000     -1.80000       0.100000   
      6       -1.80000     -1.70000       0.100000   
      7       -1.70000     -1.60000       0.100000   
      8       -1.60000     -1.50000       0.100000   
      9       -1.50000     -1.40000       0.100000   
     10       -1.40000     -1.30000       0.100000   
     11       -1.30000     -1.20000       0.100000   
     12       -1.20000     -1.10000       0.100000   
     13       -1.10000     -1.00000       0.100000   
     14       -1.000000    -0.90000       0.100000   
     15       -0.900000    -0.800000      0.100000   
     16       -0.800000    -0.700000      0.100000   
     17       -0.700000    -0.600000      0.100000   
     18       -0.600000    -0.500000      0.100000   
     19       -0.500000    -0.400000      0.100000   
     20       -0.400000    -0.300000      0.100000   
     21       -0.300000    -0.200000      0.100000   
     22       -0.200000    -0.100000      0.100000   
     23       -0.100000     1.02696e-15   0.100000
     24       1.02696e-15   0.100000      0.100000   
     25       0.100000      0.200000      0.100000   
     26       0.200000      0.300000      0.100000   
     27       0.300000      0.400000      0.100000   
     28       0.400000      0.500000      0.100000   
     29       0.500000      0.600000      0.100000   
     30       0.600000      0.700000      0.100000   
     31       0.700000      0.800000      0.100000   
     32       0.800000      0.900000      0.100000   
     33       0.900000      1.00000       0.100000   
     34       1.00000       1.10000       0.100000   
     35       1.10000       1.20000       0.100000   
     36       1.20000       1.30000       0.100000   
     37       1.30000       1.40000       0.100000   
     38       1.40000       1.50000       0.100000   
     39       1.50000       1.60000       0.100000   
     40       1.60000       1.70000       0.100000   
     41       1.70000       1.80000       0.100000   
     42       1.80000       1.90000       0.100000   
     43       1.90000       2.00000       0.100000   
     44       2.00000       2.10000       0.100000   
     45       2.10000       2.20000       0.100000   
     46       2.20000       2.30000       0.100000   
     47       2.30000       2.40000       0.100000 
}}
