# --- Use emacs in sh mode -*-sh-*- #
# This is a automatically generated file by fastNLO and holds the values of the warmup run. 
# The values are valid for the scenario zy
# and if calculated with the steerfile: /afs/desy.de/user/a/afriedel/PDFStudies/Sherivf/test/2017-03-13_23-31-01/MCgrid_CMS_2015_Zee/phasespace/zy.txt
# but only if no serious changes have been performed since its creation.
# 
# Delete this file, if you want fastNLO to calculate a new one.
# 
# This file has been calculated using 3223726 contributions.
#   ( Mind: contributions != events. And contributions are not necessarily in phase space region.
# Please check by eye for reasonability of the values.
 
Warmup.OrderInAlphasOfWarmupRunWas	1
Warmup.CheckScaleLimitsAgainstBins	true
Warmup.ScaleDescriptionScale1     	"Description_[GeV]"
Warmup.DifferentialDimension      	1
Warmup.DimensionLabels {
  "Description_[GeV]"  
} 
Warmup.DimensionIsDifferential {
  "2"  
} 

Warmup.Values {{
   ObsBin       x_min      x_max  Description_[GeV]_min  Description_[GeV]_max
      0      6.06e-04   9.97e-01             87.00           1381.86
      1      6.51e-04   9.97e-01             86.76           1506.04
      2      7.07e-04   9.97e-01             86.71           1569.51
      3      7.77e-04   1.00e+00             87.43           1800.95
      4      8.29e-04   9.97e-01             86.84           1859.81
      5      9.15e-04   9.99e-01             86.76           2048.58
      6      9.94e-04   1.00e+00             86.80           2430.25
      7      1.08e-03   1.00e+00             86.96           2502.12
      8      1.22e-03   9.97e-01             86.90           2770.33
      9      1.34e-03   9.98e-01             86.68           3015.30
     10      1.49e-03   9.98e-01             86.76           3419.00
     11      1.68e-03   9.99e-01             86.98           3721.01
     12      1.81e-03   9.97e-01             86.80           3900.14
     13      2.00e-03   1.00e+00             86.84           4239.69
     14      2.23e-03   9.99e-01             86.86           4821.68
     15      2.43e-03   9.99e-01             86.90           4730.55
     16      2.69e-03   9.92e-01             86.62           5016.20
     17      3.02e-03   1.00e+00             86.66           5120.91
     18      3.31e-03   9.98e-01             86.68           5925.14
     19      3.51e-03   9.99e-01             86.72           5825.08
     20      4.00e-03   9.98e-01             86.68           5671.19
     21      4.35e-03   1.00e+00             86.69           6360.40
     22      4.92e-03   9.99e-01             86.88           6300.00
     23      4.91e-03   9.97e-01             86.83           6188.73
     24      4.49e-03   9.99e-01             86.67           5588.98
     25      4.01e-03   9.98e-01             86.79           5472.46
     26      3.73e-03   9.99e-01             86.80           5618.43
     27      3.31e-03   1.00e+00             86.84           5609.00
     28      3.02e-03   9.99e-01             86.66           5200.00
     29      2.63e-03   9.99e-01             86.90           5348.52
     30      2.42e-03   9.98e-01             86.73           4717.43
     31      2.24e-03   9.97e-01             86.83           4637.92
     32      2.07e-03   1.00e+00             86.63           4244.32
     33      1.80e-03   9.97e-01             86.73           3902.67
     34      1.71e-03   9.98e-01             86.68           3660.51
     35      1.51e-03   9.98e-01             86.83           3514.01
     36      1.38e-03   9.99e-01             86.65           3135.71
     37      1.23e-03   1.00e+00             86.74           2778.81
     38      1.15e-03   9.98e-01             86.64           2630.74
     39      1.05e-03   9.98e-01             86.60           2429.67
     40      9.52e-04   9.98e-01             86.91           2230.99
     41      8.43e-04   1.00e+00             86.98           1974.35
     42      7.63e-04   9.98e-01             87.45           1766.22
     43      7.01e-04   9.95e-01             87.19           1638.59
     44      6.53e-04   9.97e-01             87.52           1500.00
     45      6.07e-04   9.91e-01             87.74           1212.58
}}


Warmup.Binning {{
    ObsBin  Description_[GeV]_Lo  Description_[GeV]_Up       BinSize
       0      -2.30000      -2.20000       0.100000   
       1      -2.20000      -2.10000       0.100000   
       2      -2.10000      -2.00000       0.100000   
       3      -2.00000      -1.90000       0.100000   
       4      -1.90000      -1.80000       0.100000   
       5      -1.80000      -1.70000       0.100000   
       6      -1.70000      -1.60000       0.100000   
       7      -1.60000      -1.50000       0.100000   
       8      -1.50000      -1.40000       0.100000   
       9      -1.40000      -1.30000       0.100000   
      10      -1.30000      -1.20000       0.100000   
      11      -1.20000      -1.10000       0.100000   
      12      -1.10000      -1.00000       0.100000   
      13      -1.00000      -0.900000      0.100000   
      14      -0.900000     -0.800000      0.100000   
      15      -0.800000     -0.700000      0.100000   
      16      -0.700000     -0.600000      0.100000   
      17      -0.600000     -0.500000      0.100000   
      18      -0.500000     -0.400000      0.100000   
      19      -0.400000     -0.300000      0.100000   
      20      -0.300000     -0.200000      0.100000   
      21      -0.200000     -0.100000      0.100000   
      22      -0.100000      1.02696e-15   0.100000   
      23       1.02696e-15   0.100000      0.100000   
      24       0.100000      0.200000      0.100000   
      25       0.200000      0.300000      0.100000   
      26       0.300000      0.400000      0.100000   
      27       0.400000      0.500000      0.100000   
      28       0.500000      0.600000      0.100000   
      29       0.600000      0.700000      0.100000   
      30       0.700000      0.800000      0.100000   
      31       0.800000      0.900000      0.100000   
      32       0.900000      1.00000       0.100000   
      33       1.00000       1.10000       0.100000   
      34       1.10000       1.20000       0.100000   
      35       1.20000       1.30000       0.100000   
      36       1.30000       1.40000       0.100000   
      37       1.40000       1.50000       0.100000   
      38       1.50000       1.60000       0.100000   
      39       1.60000       1.70000       0.100000   
      40       1.70000       1.80000       0.100000   
      41       1.80000       1.90000       0.100000   
      42       1.90000       2.00000       0.100000   
      43       2.00000       2.10000       0.100000   
      44       2.10000       2.20000       0.100000   
      45       2.20000       2.30000       0.100000   
}}
