!
! Zee cross sections 2011
! by CMS collaboration,
!
&Data
   Name           = 'CMS Zee jets 2012'
   Reaction       = 'FastNLO jets'

   NDATA          = 37
   NColumn        = 5
   ColumnType     = 'Bin'   , 'Bin'    , 'Sigma' , 'Error' , 'Error'
   ColumnName     = 'ptlow' , 'pthigh' , 'Sigma' , 'stat'  , 'uncor'
   NInfo          = 4
   DataInfo       = 8000.     , 1.                 , -1.      , -1.
   CInfo          = 'sqrt(S)' , 'PublicationUnits' , 'MurDef' , 'MufDef'

   IndexDataset   = 784

  TheoryInfoFile = '/storage/a/dhaitz/sherivf/sg_2015-06-25_17-51/fnlo_pTZ.txt'
   TheoryType     = 'FastNLO'

   Percent        = 2*False
&End
 30   40  906.52  14.78  14.78
 40   50  518.18  11.17  11.17
 50   60  313.64   8.69   8.69
 60   70  197.96   6.91   6.91
 70   80  132.43   5.65   5.65
 80   90   93.43   4.74   4.74
 90  100   67.43   4.03   4.03
100  110   49.36   3.45   3.45
110  120   37.76   3.02   3.02
120  130   27.66   2.58   2.58
130  140   21.54   2.28   2.28
140  150   16.68   2.00   2.00
150  160   13.23   1.79   1.79
160  170   10.28   1.57   1.57
170  180    8.18   1.40   1.40
180  190    6.69   1.27   1.27
190  200    5.03   1.10   1.10
200  210    4.44   1.03   1.03
210  220    3.35   0.90   0.90
220  230    2.57   0.79   0.79
230  240    2.23   0.73   0.73
240  250    1.93   0.68   0.68
250  260    1.44   0.59   0.59
260  270    1.36   0.57   0.57
270  280    0.99   0.49   0.49
280  290    0.92   0.47   0.47
290  300    0.78   0.43   0.43
300  310    0.65   0.39   0.39
310  320    0.51   0.35   0.35
320  330    0.43   0.32   0.32
330  340    0.36   0.30   0.30
340  350    0.32   0.28   0.28
350  360    0.24   0.24   0.24
360  370    0.21   0.22   0.22
370  380    0.19   0.21   0.21
380  390    0.20   0.22   0.22
390  400    0.16   0.20   0.20
