!
! Zee cross sections 2011
! by CMS collaboration,
!
&Data
   Name           = 'CMS Zee jets 2012 y2_phistar'
   Reaction       = 'FastNLO jets'

   NDATA          = 35
   NColumn        = 10
   ColumnType     = 'Bin' , 'Bin'  , 'Sigma', 'Error', 'Error', 'Error', 'Error', 'Error', 'Error', 'Error'
   ColumnName     = 'phistarlow', 'phistarhigh', 'Sigma', 'stat' ,  'bkgr',  'ef',  'trigg', 'uncor', 'lumi', 'uncor'
   NInfo          = 4
   DataInfo       = 13000.     , 1.                 , -1.      , -1.
   CInfo          = 'sqrt(S)' , 'PublicationUnits' , 'MurDef' , 'MufDef'

   IndexDataset   = 45

  TheoryInfoFile = '/nfs/dust/cms/user/afriedel/fastNLOTables/newbins/y2_phistar.tab'
   TheoryType     = 'FastNLO'

   Percent        = True*7
&End
&PlotDesc
   PlotN = 1
   PlotDefColumn = 'phistarlow'
   PlotDefValue = 0.02, 25.0
   PlotOptions(1)  = 'Experiment:CMS@ExtraLabel: CMS Zee jets 2012 y2_phistar @Title: 2015 @XTitle: |quantity| @YTitle:(#sigma) #sigma'
&End 
0.02  0.03 447.252019 0.556042 0.040324 2.613506 0.215541 2.0 2.6 0.5
0.03  0.04 472.666081 0.543872 0.042064 2.613705 0.214973 2.0 2.6 0.5
0.04  0.05 518.704180 0.510116 0.036209 2.613200 0.215182 2.0 2.6 0.5
0.05  0.06 630.929416 0.453210 0.029787 2.613324 0.214840 2.0 2.6 0.5
0.06  0.07 615.370317 0.450377 0.033082 2.612750 0.214484 2.0 2.6 0.5
0.07  0.08 537.433317 0.478671 0.037500 2.612722 0.213753 2.0 2.6 0.5
0.08  0.09 484.587302 0.502743 0.039698 2.612398 0.214564 2.0 2.6 0.5
0.09  0.1 426.740240 0.535951 0.045811 2.611791 0.212969 2.0 2.6 0.5
0.1  0.115 371.301251 0.460774 0.052577 2.612167 0.213312 2.0 2.6 0.5
0.115  0.13 318.263483 0.502907 0.065869 2.611279 0.212880 2.0 2.6 0.5
0.13  0.145 270.417304 0.541641 0.070182 2.610124 0.211067 2.0 2.6 0.5
0.145  0.165 230.938683 0.504990 0.088825 2.609860 0.211418 2.0 2.6 0.5
0.165  0.19 191.207142 0.492088 0.098148 2.607352 0.207472 2.0 2.6 0.5
0.19  0.22 152.922434 0.502178 0.128572 2.605480 0.206092 2.0 2.6 0.5
0.22  0.26 115.993955 0.496109 0.160977 2.602033 0.203773 2.0 2.6 0.5
0.26  0.31 86.012266 0.511010 0.198851 2.596992 0.199716 2.0 2.6 0.5
0.31  0.39 59.519753 0.486234 0.292023 2.591018 0.194551 2.0 2.6 0.5
0.39  0.5 36.911148 0.525457 0.397057 2.592301 0.194992 2.0 2.6 0.5
0.5  0.55 25.675494 0.947325 0.521340 2.595583 0.195279 2.0 2.6 0.5
0.55  0.6 20.763107 1.025211 0.574940 2.600050 0.194908 2.0 2.6 0.5
0.6  0.65 17.965770 1.119112 0.701344 2.605532 0.195165 2.0 2.6 0.5
0.65  0.7 14.955666 1.223429 0.777967 2.613895 0.195829 2.0 2.6 0.5
0.7  0.75 12.728785 1.353978 0.774671 2.623665 0.195868 2.0 2.6 0.5
0.75  0.8 10.634500 1.461886 0.866716 2.636473 0.195826 2.0 2.6 0.5
0.8  0.85 8.955245 1.524950 0.986779 2.651603 0.198677 2.0 2.6 0.5
0.85  0.9 8.001354 1.672613 0.934529 2.674820 0.198911 2.0 2.6 0.5
0.9  1.0 6.684141 1.255893 1.015968 2.687926 0.200939 2.0 2.6 0.5
1.0  1.25 4.430558 0.974559 1.066950 2.742109 0.207024 2.0 2.6 0.5
1.25  1.5 2.643805 1.256959 1.162562 2.817589 0.218531 2.0 2.6 0.5
1.5  2.0 1.414623 1.198263 1.128284 2.894617 0.240197 2.0 2.6 0.5
2.0  3.0 0.568564 1.318914 1.158537 2.965807 0.266530 2.0 2.6 0.5
3.0  4.0 0.235524 2.125253 1.337229 2.968926 0.290095 2.0 2.6 0.5
4.0  6.0 0.102201 2.244231 1.358070 2.933704 0.296297 2.0 2.6 0.5
6.0  12.0 0.031384 2.316137 1.223925 2.883037 0.289718 2.0 2.6 0.5
12.0  25.0 0.007238 3.403416 1.212077 2.863480 0.273198 2.0 2.6 0.5
