!
! Zee cross sections 2011
! by CMS collaboration,
!
&Data
   Name           = 'CMS Zee jets 2012 y0_phistar'
   Reaction       = 'FastNLO jets'

   NDATA          = 35
   NColumn        = 10
   ColumnType     = 'Bin' , 'Bin'  , 'Sigma', 'Error', 'Error', 'Error', 'Error', 'Error', 'Error', 'Error'
   ColumnName     = 'phistarlow', 'phistarhigh', 'Sigma', 'stat' ,  'bkgr',  'ef',  'trigg', 'uncor', 'lumi', 'uncor'
   NInfo          = 4
   DataInfo       = 13000.     , 1.                 , -1.      , -1.
   CInfo          = 'sqrt(S)' , 'PublicationUnits' , 'MurDef' , 'MufDef'

   IndexDataset   = 703

  TheoryInfoFile = '/nfs/dust/cms/user/afriedel/fastNLOTables/newbins/y0_phistar.tab'
   TheoryType     = 'FastNLO'

   Percent        = True*7
&End
&PlotDesc
   PlotN = 1
   PlotDefColumn = 'phistarlow'
   PlotDefValue = 0.02, 25.0
   PlotOptions(1)  = 'Experiment:CMS@ExtraLabel: CMS Zee jets 2012 y0_phistar @Title: 2015 @XTitle: |quantity| @YTitle:(#sigma) #sigma'
&End 
0.02  0.03 460.455447 0.543769 0.041476 2.597648 0.160201 2.0 2.6 0.5
0.03  0.04 483.124698 0.529096 0.046535 2.597499 0.159617 2.0 2.6 0.5
0.04  0.05 523.685759 0.504759 0.043410 2.597552 0.160087 2.0 2.6 0.5
0.05  0.06 645.886786 0.448668 0.035170 2.597572 0.160009 2.0 2.6 0.5
0.06  0.07 627.060452 0.445471 0.033371 2.597380 0.159558 2.0 2.6 0.5
0.07  0.08 556.836862 0.467778 0.039965 2.597399 0.159985 2.0 2.6 0.5
0.08  0.09 488.825350 0.495577 0.042569 2.597109 0.159734 2.0 2.6 0.5
0.09  0.1 433.849056 0.534439 0.048370 2.597046 0.158701 2.0 2.6 0.5
0.1  0.115 380.673326 0.455870 0.056104 2.596867 0.159270 2.0 2.6 0.5
0.115  0.13 324.187366 0.495828 0.071785 2.596315 0.158941 2.0 2.6 0.5
0.13  0.145 282.230249 0.533012 0.074996 2.596170 0.158694 2.0 2.6 0.5
0.145  0.165 235.550561 0.501939 0.087384 2.595692 0.157953 2.0 2.6 0.5
0.165  0.19 196.180311 0.490977 0.107481 2.595062 0.158106 2.0 2.6 0.5
0.19  0.22 157.564362 0.496118 0.131895 2.593920 0.157121 2.0 2.6 0.5
0.22  0.26 120.874599 0.490950 0.165011 2.592300 0.156116 2.0 2.6 0.5
0.26  0.31 89.452628 0.510073 0.211078 2.590011 0.154957 2.0 2.6 0.5
0.31  0.39 60.539603 0.481503 0.301467 2.586968 0.154899 2.0 2.6 0.5
0.39  0.5 38.278794 0.518499 0.454868 2.587752 0.156715 2.0 2.6 0.5
0.5  0.55 26.889512 0.917137 0.596739 2.589465 0.157103 2.0 2.6 0.5
0.55  0.6 22.203260 1.001902 0.669485 2.592544 0.157302 2.0 2.6 0.5
0.6  0.65 18.265935 1.078379 0.737219 2.595705 0.156929 2.0 2.6 0.5
0.65  0.7 15.199530 1.199899 0.795605 2.601045 0.156655 2.0 2.6 0.5
0.7  0.75 13.178516 1.298478 0.912089 2.608455 0.157133 2.0 2.6 0.5
0.75  0.8 11.157739 1.420743 1.023568 2.619670 0.157801 2.0 2.6 0.5
0.8  0.85 9.681756 1.563851 1.064620 2.632025 0.158383 2.0 2.6 0.5
0.85  0.9 8.825379 1.581791 1.101080 2.645496 0.158833 2.0 2.6 0.5
0.9  1.0 6.898858 1.239568 1.194779 2.666510 0.160535 2.0 2.6 0.5
1.0  1.25 4.663765 0.940844 1.218566 2.711208 0.164139 2.0 2.6 0.5
1.25  1.5 2.829201 1.230163 1.215190 2.777921 0.171541 2.0 2.6 0.5
1.5  2.0 1.533068 1.176252 1.312653 2.853431 0.180603 2.0 2.6 0.5
2.0  3.0 0.635975 1.288225 1.192146 2.937470 0.195540 2.0 2.6 0.5
3.0  4.0 0.268094 1.988210 1.267463 2.967763 0.207441 2.0 2.6 0.5
4.0  6.0 0.128916 2.078544 1.355223 2.966235 0.213723 2.0 2.6 0.5
6.0  12.0 0.035428 2.130443 1.437557 2.925285 0.212110 2.0 2.6 0.5
12.0  25.0 0.008940 3.022545 1.429374 2.911825 0.210844 2.0 2.6 0.5
