!
! Zee cross sections 2011
! by CMS collaboration,
!
&Data
   Name           = 'CMS Zee jets 2012 zy'
   Reaction       = 'FastNLO jets'

   NDATA          = 48
   NColumn        = 8
   ColumnType     = 'Bin' , 'Bin'  , 'Sigma', 'Error', 'Error', 'Error', 'Error', 'Error'
   ColumnName     = 'zylow', 'zyhigh', 'Sigma', 'stat',    'bkgr',  'ef',    'trigg',  'lumi'
   NInfo          = 4
   DataInfo       = 13000.     , 1.                 , -1.      , -1.
   CInfo          = 'sqrt(S)' , 'PublicationUnits' , 'MurDef' , 'MufDef'

   IndexDataset   = 842

  TheoryInfoFile = '/storage/a/afriedel/PDFStudies/test/2016-09-05_21-52-18/MCgrid_CMS_2015_Zee/zy.tab'
   TheoryType     = 'FastNLO'

   Percent        = True*5
&End
&PlotDesc
   PlotN = 1
   PlotDefColumn = 'zylow'
   PlotDefValue = -2.3, 2.3
   PlotOptions(1)  = 'Experiment:CMS@ExtraLabel: CMS Zee jets 2012 zy @Title: 2015 @XTitle: |quantity| @YTitle:(#sigma) #sigma'
&End 
-2.3  -2.2 1.801155 31.346133 1.193931 2.431359 0.173482 2.7
-2.2  -2.1 6.337764 15.325011 0.671469 2.239347 -0.001399 2.7
-2.1  -2.0 10.461176 11.861772 0.806296 2.236016 -0.001620 2.7
-2.0  -1.9 15.040325 9.638214 0.488869 2.310689 0.083550 2.7
-1.9  -1.8 18.188457 8.791603 0.649032 2.307522 0.077214 2.7
-1.8  -1.7 22.672926 7.749608 0.478492 2.270450 0.037382 2.7
-1.7  -1.6 25.177392 7.367853 0.548466 2.262127 0.035926 2.7
-1.6  -1.5 27.673513 7.029071 0.611402 2.235548 0.010694 2.7
-1.5  -1.4 30.740087 6.673342 0.645733 2.298769 0.064320 2.7
-1.4  -1.3 32.072770 6.528194 0.481897 2.313909 0.082510 2.7
-1.3  -1.2 34.597259 6.232668 0.598295 2.319953 0.086728 2.7
-1.2  -1.1 36.546913 6.056636 0.511681 2.315483 0.089138 2.7
-1.1  -1.0 37.097254 6.063810 0.645766 2.341825 0.105989 2.7
-1.0  -0.9 38.305683 6.003124 0.735367 2.317520 0.087061 2.7
-0.9  -0.8 38.278296 5.968416 0.696844 2.314382 0.082669 2.7
-0.8  -0.7 38.446158 5.995033 0.666693 2.328121 0.092825 2.7
-0.7  -0.6 39.351448 5.866180 0.666737 2.319743 0.088940 2.7
-0.6  -0.5 40.339433 5.797804 0.606262 2.330176 0.097267 2.7
-0.5  -0.4 39.684877 5.883547 0.723294 2.328180 0.097432 2.7
-0.4  -0.3 38.994068 5.897839 0.618775 2.319196 0.087293 2.7
-0.3  -0.2 39.522649 5.827270 0.663487 2.307405 0.076830 2.7
-0.2  -0.1 40.813069 5.784047 0.659834 2.312723 0.078186 2.7
-0.1  0.0 39.666625 5.860833 0.603986 2.331501 0.095064 2.7
0.0  0.1 39.768080 5.890317 0.720313 2.322086 0.090069 2.7
0.1  0.2 40.362559 5.812332 0.764732 2.316600 0.086694 2.7
0.2  0.3 39.274601 5.890142 0.717660 2.313976 0.078636 2.7
0.3  0.4 39.213455 5.887631 0.664230 2.325355 0.089236 2.7
0.4  0.5 39.479977 5.855514 0.682966 2.307756 0.075599 2.7
0.5  0.6 38.860520 5.905621 0.703471 2.326361 0.091948 2.7
0.6  0.7 38.347486 5.999265 0.868742 2.315058 0.084410 2.7
0.7  0.8 40.159014 5.815847 0.732744 2.325429 0.091952 2.7
0.8  0.9 39.180920 5.904446 0.655485 2.320496 0.084670 2.7
0.9  1.0 38.308836 5.946422 0.557950 2.313218 0.081945 2.7
1.0  1.1 37.634847 5.994466 0.542853 2.338179 0.102723 2.7
1.1  1.2 35.780064 6.194788 0.661338 2.331479 0.093412 2.7
1.2  1.3 34.515129 6.256609 0.611744 2.316376 0.080422 2.7
1.3  1.4 32.048892 6.466133 0.586911 2.312799 0.079685 2.7
1.4  1.5 30.387154 6.646093 0.579591 2.279008 0.045184 2.7
1.5  1.6 27.869816 6.960470 0.607016 2.244676 0.016682 2.7
1.6  1.7 24.913611 7.487663 0.825751 2.246717 0.023583 2.7
1.7  1.8 22.819361 7.659476 0.434597 2.238315 0.014811 2.7
1.8  1.9 18.643098 8.530594 0.628489 2.249319 0.017642 2.7
1.9  2.0 14.503295 9.607263 0.543831 2.305092 0.071971 2.7
2.0  2.1 11.087957 10.885930 0.248804 2.173305 -0.067273 2.7
2.1  2.2 6.798360 14.066059 0.533396 2.268039 0.019964 2.7
2.2  2.3 2.155288 25.045616 0.293194 2.396190 0.141200 2.7
