!
! Zee cross sections 2011
! by CMS collaboration,
!
&Data
   Name           = 'CMS Zee jets 2012 y1_phistar'
   Reaction       = 'FastNLO jets'

   NDATA          = 35
   NColumn        = 10
   ColumnType     = 'Bin' , 'Bin'  , 'Sigma', 'Error', 'Error', 'Error', 'Error', 'Error', 'Error', 'Error'
   ColumnName     = 'phistarlow', 'phistarhigh', 'Sigma', 'stat' ,  'bkgr',  'ef',  'trigg', 'uncor', 'lumi', 'uncor'
   NInfo          = 4
   DataInfo       = 13000.     , 1.                 , -1.      , -1.
   CInfo          = 'sqrt(S)' , 'PublicationUnits' , 'MurDef' , 'MufDef'

   IndexDataset   = 352

  TheoryInfoFile = '/nfs/dust/cms/user/afriedel/fastNLOTables/newbins/y1_phistar.tab'
   TheoryType     = 'FastNLO'

   Percent        = True*7
&End
&PlotDesc
   PlotN = 1
   PlotDefColumn = 'phistarlow'
   PlotDefValue = 0.02, 25.0
   PlotOptions(1)  = 'Experiment:CMS@ExtraLabel: CMS Zee jets 2012 y1_phistar @Title: 2015 @XTitle: |quantity| @YTitle:(#sigma) #sigma'
&End 
0.02  0.03 454.469012 0.548624 0.041485 2.600295 0.172465 2.0 2.6 0.5
0.03  0.04 478.925207 0.534737 0.036990 2.600615 0.172101 2.0 2.6 0.5
0.04  0.05 529.558954 0.505517 0.039756 2.599928 0.171518 2.0 2.6 0.5
0.05  0.06 647.049191 0.448290 0.032637 2.599913 0.172524 2.0 2.6 0.5
0.06  0.07 621.852143 0.450176 0.037067 2.599965 0.172812 2.0 2.6 0.5
0.07  0.08 549.596066 0.472464 0.037149 2.599528 0.172638 2.0 2.6 0.5
0.08  0.09 488.702602 0.501210 0.044684 2.599644 0.171437 2.0 2.6 0.5
0.09  0.1 433.162767 0.531635 0.048344 2.599810 0.172061 2.0 2.6 0.5
0.1  0.115 380.064309 0.456865 0.058159 2.599034 0.171809 2.0 2.6 0.5
0.115  0.13 327.030597 0.495430 0.062363 2.599156 0.172391 2.0 2.6 0.5
0.13  0.145 279.122329 0.531646 0.073523 2.598628 0.172627 2.0 2.6 0.5
0.145  0.165 233.972509 0.499584 0.090035 2.598030 0.172698 2.0 2.6 0.5
0.165  0.19 191.958718 0.495251 0.104684 2.597085 0.171725 2.0 2.6 0.5
0.19  0.22 155.160116 0.502050 0.130566 2.595968 0.171418 2.0 2.6 0.5
0.22  0.26 119.356763 0.491114 0.163851 2.594011 0.171541 2.0 2.6 0.5
0.26  0.31 88.044954 0.509478 0.218708 2.591242 0.170439 2.0 2.6 0.5
0.31  0.39 61.061101 0.480634 0.291863 2.587586 0.170352 2.0 2.6 0.5
0.39  0.5 37.635298 0.522097 0.432372 2.588528 0.171573 2.0 2.6 0.5
0.5  0.55 26.461710 0.917708 0.562106 2.590418 0.171543 2.0 2.6 0.5
0.55  0.6 22.100710 0.992528 0.678207 2.593288 0.171673 2.0 2.6 0.5
0.6  0.65 18.228831 1.103216 0.733243 2.597382 0.171468 2.0 2.6 0.5
0.65  0.7 15.206657 1.198223 0.771913 2.605092 0.171695 2.0 2.6 0.5
0.7  0.75 13.095057 1.339012 0.877705 2.611478 0.170869 2.0 2.6 0.5
0.75  0.8 11.190065 1.348790 0.932727 2.624953 0.171438 2.0 2.6 0.5
0.8  0.85 9.773482 1.516202 0.947569 2.635710 0.171962 2.0 2.6 0.5
0.85  0.9 8.399638 1.636364 1.049907 2.647096 0.172653 2.0 2.6 0.5
0.9  1.0 6.760058 1.262278 1.085667 2.663886 0.174531 2.0 2.6 0.5
1.0  1.25 4.572823 0.923551 1.170869 2.715464 0.178844 2.0 2.6 0.5
1.25  1.5 2.661304 1.278412 1.257346 2.785283 0.186799 2.0 2.6 0.5
1.5  2.0 1.464785 1.188015 1.172558 2.872241 0.197931 2.0 2.6 0.5
2.0  3.0 0.605816 1.320581 1.219346 2.971449 0.215278 2.0 2.6 0.5
3.0  4.0 0.256162 2.045513 1.427033 2.995728 0.228504 2.0 2.6 0.5
4.0  6.0 0.114639 2.120624 1.378765 2.997330 0.234449 2.0 2.6 0.5
6.0  12.0 0.035579 2.283146 1.366476 2.986188 0.239960 2.0 2.6 0.5
12.0  25.0 0.008099 3.126018 1.292634 2.929770 0.232394 2.0 2.6 0.5
