!
! Zee cross sections 2011
! by CMS collaboration,
!
&Data
   Name           = 'CMS Zee jets 2012 y4_phistar'
   Reaction       = 'FastNLO jets'

   NDATA          = 35
   NColumn        = 10
   ColumnType     = 'Bin' , 'Bin'  , 'Sigma', 'Error', 'Error', 'Error', 'Error', 'Error', 'Error', 'Error'
   ColumnName     = 'phistarlow', 'phistarhigh', 'Sigma', 'stat' ,  'bkgr',  'ef',  'trigg', 'uncor', 'lumi', 'uncor'
   NInfo          = 4
   DataInfo       = 13000.     , 1.                 , -1.      , -1.
   CInfo          = 'sqrt(S)' , 'PublicationUnits' , 'MurDef' , 'MufDef'

   IndexDataset   = 81

  TheoryInfoFile = '/nfs/dust/cms/user/afriedel/fastNLOTables/newbins/y4_phistar.tab'
   TheoryType     = 'FastNLO'

   Percent        = True*7
&End
&PlotDesc
   PlotN = 1
   PlotDefColumn = 'phistarlow'
   PlotDefValue = 0.02, 12.00
   PlotOptions(1)  = 'Experiment:CMS@ExtraLabel: CMS Zee jets 2012 y4_phistar @Title: 2015 @XTitle: |quantity| @YTitle:(#sigma) #sigma'
&End 
0.02  0.03 245.295437 0.766254 0.037418 2.621937 0.256617 2.0 2.6 0.5
0.03  0.04 256.586814 0.753892 0.047280 2.621938 0.257041 2.0 2.6 0.5
0.04  0.05 278.848786 0.714086 0.040519 2.617933 0.254721 2.0 2.6 0.5
0.05  0.06 328.625243 0.639576 0.034944 2.622333 0.259562 2.0 2.6 0.5
0.06  0.07 318.789528 0.625238 0.034102 2.625000 0.258869 2.0 2.6 0.5
0.07  0.08 284.172349 0.653687 0.041185 2.622479 0.257068 2.0 2.6 0.5
0.08  0.09 250.445546 0.693001 0.048348 2.618602 0.253730 2.0 2.6 0.5
0.09  0.1 230.307885 0.731702 0.054620 2.621911 0.259232 2.0 2.6 0.5
0.1  0.115 197.414235 0.631685 0.054140 2.620589 0.256959 2.0 2.6 0.5
0.115  0.13 170.219250 0.684150 0.072144 2.619650 0.255373 2.0 2.6 0.5
0.13  0.145 146.804409 0.740490 0.084473 2.618482 0.254465 2.0 2.6 0.5
0.145  0.165 126.107889 0.682031 0.088495 2.621830 0.255501 2.0 2.6 0.5
0.165  0.19 103.266124 0.664245 0.102009 2.617376 0.253122 2.0 2.6 0.5
0.19  0.22 81.532570 0.682408 0.133759 2.617149 0.252779 2.0 2.6 0.5
0.22  0.26 64.149572 0.660433 0.146151 2.612282 0.249154 2.0 2.6 0.5
0.26  0.31 47.245961 0.682480 0.201158 2.607168 0.246494 2.0 2.6 0.5
0.31  0.39 33.026776 0.639106 0.262311 2.599594 0.239792 2.0 2.6 0.5
0.39  0.5 20.008893 0.702802 0.374975 2.603451 0.239287 2.0 2.6 0.5
0.5  0.55 13.900457 1.272315 0.476830 2.609003 0.240075 2.0 2.6 0.5
0.55  0.6 11.759863 1.359190 0.537962 2.614101 0.239693 2.0 2.6 0.5
0.6  0.65 9.633121 1.499961 0.547793 2.616483 0.240001 2.0 2.6 0.5
0.65  0.7 7.751492 1.599601 0.688873 2.621815 0.239197 2.0 2.6 0.5
0.7  0.75 6.865019 1.806878 0.686038 2.630447 0.240802 2.0 2.6 0.5
0.75  0.8 5.387757 2.000921 0.687110 2.641983 0.242092 2.0 2.6 0.5
0.8  0.85 4.970080 2.051661 0.697311 2.642469 0.243533 2.0 2.6 0.5
0.85  0.9 4.382229 2.234814 0.713863 2.658648 0.246278 2.0 2.6 0.5
0.9  1.0 3.403818 1.790323 0.874485 2.685558 0.249626 2.0 2.6 0.5
1.0  1.25 2.184931 1.354594 0.897023 2.740378 0.259327 2.0 2.6 0.5
1.25  1.5 1.252214 1.821319 0.904013 2.880700 0.283155 2.0 2.6 0.5
1.5  2.0 0.610427 1.859025 0.885159 3.082415 0.329998 2.0 2.6 0.5
2.0  3.0 0.221181 2.161232 1.016291 3.493560 0.430561 2.0 2.6 0.5
3.0  4.0 0.078585 3.991123 0.984387 3.845102 0.552817 2.0 2.6 0.5
4.0  6.0 0.026828 4.643034 1.052654 4.262944 0.665076 2.0 2.6 0.5
6.0  12.0 0.006812 5.118450 1.123449 4.515104 0.645540 2.0 2.6 0.5
12.0  25.0 0.001870 6.805359 0.925515 4.608170 0.629061 2.0 2.6 0.5