!
! Zee cross sections 2011
! by CMS collaboration,
!
&Data
   Name           = 'CMS Zee jets 2012 y3_phistar'
   Reaction       = 'FastNLO jets'

   NDATA          = 35
   NColumn        = 10
   ColumnType     = 'Bin' , 'Bin'  , 'Sigma', 'Error', 'Error', 'Error', 'Error', 'Error', 'Error', 'Error'
   ColumnName     = 'phistarlow', 'phistarhigh', 'Sigma', 'stat' ,  'bkgr',  'ef',  'trigg', 'uncor', 'lumi', 'uncor'
   NInfo          = 4
   DataInfo       = 13000.     , 1.                 , -1.      , -1.
   CInfo          = 'sqrt(S)' , 'PublicationUnits' , 'MurDef' , 'MufDef'

   IndexDataset   = 681

  TheoryInfoFile = '/nfs/dust/cms/user/afriedel/fastNLOTables/newbins/y3_phistar.tab'
   TheoryType     = 'FastNLO'

   Percent        = True*7
&End
&PlotDesc
   PlotN = 1
   PlotDefColumn = 'phistarlow'
   PlotDefValue = 0.02, 25.0
   PlotOptions(1)  = 'Experiment:CMS@ExtraLabel: CMS Zee jets 2012 y3_phistar @Title: 2015 @XTitle: |quantity| @YTitle:(#sigma) #sigma'
&End 
0.02  0.03 406.774934 0.591395 0.038415 2.611923 0.239295 2.0 2.6 0.5
0.03  0.04 419.757397 0.577400 0.037357 2.610976 0.235670 2.0 2.6 0.5
0.04  0.05 462.740582 0.551076 0.037555 2.611135 0.236415 2.0 2.6 0.5
0.05  0.06 556.993532 0.483748 0.033197 2.611189 0.237069 2.0 2.6 0.5
0.06  0.07 542.065313 0.482387 0.036257 2.610125 0.236080 2.0 2.6 0.5
0.07  0.08 474.056685 0.508120 0.040555 2.610473 0.235175 2.0 2.6 0.5
0.08  0.09 423.730792 0.540174 0.047511 2.610321 0.235571 2.0 2.6 0.5
0.09  0.1 377.665144 0.570805 0.043997 2.609897 0.236128 2.0 2.6 0.5
0.1  0.115 330.297769 0.485091 0.053498 2.609946 0.236378 2.0 2.6 0.5
0.115  0.13 280.338961 0.538037 0.057722 2.609140 0.234046 2.0 2.6 0.5
0.13  0.145 239.529373 0.573049 0.076790 2.608625 0.233395 2.0 2.6 0.5
0.145  0.165 204.685401 0.532403 0.073160 2.607711 0.232940 2.0 2.6 0.5
0.165  0.19 170.167743 0.521375 0.099280 2.606392 0.230644 2.0 2.6 0.5
0.19  0.22 134.169026 0.534621 0.111898 2.604494 0.229639 2.0 2.6 0.5
0.22  0.26 102.647994 0.522366 0.160343 2.601475 0.227737 2.0 2.6 0.5
0.26  0.31 76.949469 0.541400 0.198066 2.597057 0.222863 2.0 2.6 0.5
0.31  0.39 51.249346 0.515081 0.264094 2.591322 0.217333 2.0 2.6 0.5
0.39  0.5 32.224758 0.554192 0.385362 2.592695 0.217183 2.0 2.6 0.5
0.5  0.55 22.399847 0.998840 0.502344 2.595385 0.217865 2.0 2.6 0.5
0.55  0.6 18.423925 1.096254 0.583998 2.597425 0.217762 2.0 2.6 0.5
0.6  0.65 15.003701 1.232640 0.648471 2.600309 0.217582 2.0 2.6 0.5
0.65  0.7 12.517811 1.285885 0.674646 2.602978 0.217206 2.0 2.6 0.5
0.7  0.75 10.711393 1.463770 0.824929 2.607814 0.217566 2.0 2.6 0.5
0.75  0.8 8.854404 1.503400 0.818534 2.613655 0.218328 2.0 2.6 0.5
0.8  0.85 7.951013 1.662167 0.852655 2.617185 0.218379 2.0 2.6 0.5
0.85  0.9 6.332382 1.785357 0.927830 2.620379 0.220359 2.0 2.6 0.5
0.9  1.0 5.534969 1.380204 0.902243 2.628486 0.222460 2.0 2.6 0.5
1.0  1.25 3.570228 1.088642 0.966368 2.653262 0.231844 2.0 2.6 0.5
1.25  1.5 2.106781 1.437945 1.011645 2.695131 0.247025 2.0 2.6 0.5
1.5  2.0 1.088132 1.344978 1.021353 2.732464 0.276060 2.0 2.6 0.5
2.0  3.0 0.430334 1.544646 1.068976 2.799107 0.327202 2.0 2.6 0.5
3.0  4.0 0.166288 2.369960 1.145150 2.851557 0.377809 2.0 2.6 0.5
4.0  6.0 0.076342 2.663956 1.029338 2.865804 0.419466 2.0 2.6 0.5
6.0  12.0 0.021359 2.882321 1.274851 2.855089 0.403478 2.0 2.6 0.5
12.0  25.0 0.005164 3.998603 1.118395 2.839509 0.392791 2.0 2.6 0.5
