!
! Zee cross sections 2011
! by CMS collaboration,
!
&Data
   Name           = 'CMS Zee jets 2012 zy'
   Reaction       = 'FastNLO jets'

   NDATA          = 48
   NColumn        = 8
   ColumnType     = 'Bin' , 'Bin'  , 'Sigma', 'Error', 'Error', 'Error', 'Error', 'Error'
   ColumnName     = 'zylow', 'zyhigh', 'Sigma', 'stat' , 'lumi',    'bkgr',  'ef',    'pt'
   NInfo          = 4
   DataInfo       = 8000.     , 1.                 , -1.      , -1.
   CInfo          = 'sqrt(S)' , 'PublicationUnits' , 'MurDef' , 'MufDef'

   IndexDataset   = 842

  TheoryInfoFile = '/portal/ekpcms6/home/dhaitz/qcd/sherivf/results/MCgrid_CMS_2015_Zee_zjet/zy.tab'
   TheoryType     = 'FastNLO'

   Percent        = True*5
&End
&PlotDesc
   PlotN = 1
   PlotDefColumn = 'zylow'
   PlotDefValue = -2.4, 2.4
   PlotOptions(1)  = 'Experiment:CMS@ExtraLabel: CMS Zee jets 2012 zy @Title: 2015 @XTitle: |quantity| @YTitle:(#sigma) #sigma'
&End 
-2.400000  -2.300000  2.055711  2.718530  2.600000  0.540571  1.112547  0.093933
-2.300000  -2.200000  3.717368  2.002347  2.600000  0.589113  1.148657  0.169094
-2.200000  -2.100000  5.834320  1.591399  2.600000  0.560366  1.177174  0.088159
-2.100000  -2.000000  6.901552  1.551176  2.600000  0.524355  1.135207  0.136155
-2.000000  -1.900000  8.461388  1.378025  2.600000  0.670535  1.167743  0.137080
-1.900000  -1.800000  9.308622  1.289795  2.600000  0.551318  1.151082  0.218644
-1.800000  -1.700000  9.944286  1.197904  2.600000  0.574648  1.163263  0.175477
-1.700000  -1.600000  10.835570  1.153499  2.600000  0.571979  1.143919  0.138078
-1.600000  -1.500000  12.169210  1.095583  2.600000  0.777266  1.178308  0.126512
-1.500000  -1.400000  13.046454  1.040566  2.600000  0.660955  1.211731  0.235384
-1.400000  -1.300000  13.464780  0.985670  2.600000  0.670829  1.201870  0.277456
-1.300000  -1.200000  14.239701  0.977068  2.600000  0.743172  1.223932  0.191145
-1.200000  -1.100000  15.157027  0.900155  2.600000  0.623307  1.193422  0.179059
-1.100000  -1.000000  15.815410  0.846473  2.600000  0.697933  1.214515  0.207813
-1.000000  -0.900000  16.322464  0.884045  2.600000  0.768084  1.202427  0.234074
-0.900000  -0.800000  17.041167  0.802068  2.600000  0.652621  1.182123  0.174215
-0.800000  -0.700000  17.317740  0.748810  2.600000  0.663675  1.170328  0.296426
-0.700000  -0.600000  17.783472  0.763404  2.600000  0.745761  1.186697  0.238856
-0.600000  -0.500000  17.941747  0.746421  2.600000  0.746146  1.185784  0.229675
-0.500000  -0.400000  18.869016  0.721977  2.600000  0.694764  1.155914  0.118513
-0.400000  -0.300000  18.859992  0.703768  2.600000  0.706261  1.184729  0.247957
-0.300000  -0.200000  19.167338  0.703696  2.600000  0.742400  1.195846  0.159872
-0.200000  -0.100000  19.422135  0.719224  2.600000  0.708765  1.191513  0.215072
-0.100000  0.000000  19.803481  0.724710  2.600000  0.698343  1.179142  0.151258
0.000000  0.100000  19.918386  0.682988  2.600000  0.707094  1.190905  0.147279
0.100000  0.200000  19.527305  0.730070  2.600000  0.709884  1.191668  0.194221
0.200000  0.300000  19.251198  0.728093  2.600000  0.804225  1.196073  0.194807
0.300000  0.400000  19.129714  0.720414  2.600000  0.750559  1.160466  0.175387
0.400000  0.500000  18.800167  0.750549  2.600000  0.754246  1.163464  0.210425
0.500000  0.600000  18.205141  0.733768  2.600000  0.728969  1.165464  0.143106
0.600000  0.700000  18.001478  0.757618  2.600000  0.681221  1.182253  0.202160
0.700000  0.800000  17.342617  0.779106  2.600000  0.674039  1.175224  0.192420
0.800000  0.900000  16.908437  0.815653  2.600000  0.692394  1.195179  0.149215
0.900000  1.000000  16.464880  0.791390  2.600000  0.687841  1.218592  0.225301
1.000000  1.100000  15.974375  0.879495  2.600000  0.647244  1.210084  0.222606
1.100000  1.200000  15.251212  0.876893  2.600000  0.726831  1.195862  0.276634
1.200000  1.300000  14.138796  0.950827  2.600000  0.621582  1.222982  0.109627
1.300000  1.400000  13.677188  0.988529  2.600000  0.638059  1.206049  0.214822
1.400000  1.500000  13.271261  1.037118  2.600000  0.592205  1.199220  0.172304
1.500000  1.600000  12.375117  0.982503  2.600000  0.604316  1.196172  0.286940
1.600000  1.700000  11.079926  1.183843  2.600000  0.653603  1.156976  0.209210
1.700000  1.800000  9.871792  1.224203  2.600000  0.722661  1.160712  0.203746
1.800000  1.900000  9.854354  1.224746  2.600000  0.573825  1.176508  0.322527
1.900000  2.000000  8.805252  1.311369  2.600000  0.574125  1.187845  0.092042
2.000000  2.100000  7.354195  1.434375  2.600000  0.553352  1.198440  0.256588
2.100000  2.200000  6.068397  1.645403  2.600000  0.617664  1.128518  0.237936
2.200000  2.300000  4.256688  1.968631  2.600000  0.518801  1.172063  0.170445
2.300000  2.400000  2.236268  2.512108  2.600000  0.584481  1.208170  0.125747
