     =============================================================
                            DATA Efficiency       
	            GSFElectrons ----> EleIdMedium
     -------------------------------------------------------------
     ptLow      ptHi       etaLow     etaHi      Effi      Error  
     -------------------------------------------------------------
     =============================================================
     10.00      15.00       0.00       0.80      0.409      0.009      0.000
     15.00      20.00       0.00       0.80      0.601      0.005      0.005
     20.00      30.00       0.00       0.80      0.752     -0.000      0.002
     30.00      40.00       0.00       0.80      0.844      0.001      0.001
     40.00      50.00       0.00       0.80      0.882      0.001      0.001
     50.00     200.00       0.00       0.80      0.893      0.001      0.001
     10.00      15.00       0.80       1.44      0.478      0.010      0.010
     15.00      20.00       0.80       1.44      0.582      0.006      0.006
     20.00      30.00       0.80       1.44      0.696      0.002      0.002
     30.00      40.00       0.80       1.44      0.816      0.001      0.001
     40.00      50.00       0.80       1.44      0.876      0.001      0.001
     50.00     200.00       0.80       1.44      0.893      0.001      0.001
     10.00      15.00       1.44       1.57      0.348      0.028      0.032
     15.00      20.00       1.44       1.57      0.330      0.012      0.014
     20.00      30.00       1.44       1.57      0.463      0.005      0.000
     30.00      40.00       1.44       1.57      0.610      0.004      0.003
     40.00      50.00       1.44       1.57      0.751      0.003      0.003
     50.00     200.00       1.44       1.57      0.776      0.006      0.006
     10.00      15.00       1.57       2.00      0.240      0.010      0.009
     15.00      20.00       1.57       2.00      0.372      0.003      0.003
     20.00      30.00       1.57       2.00      0.562      0.003      0.003
     30.00      40.00       1.57       2.00      0.694      0.002      0.002
     40.00      50.00       1.57       2.00      0.768      0.001      0.001
     50.00     200.00       1.57       2.00      0.796      0.002      0.002
     10.00      15.00       2.00       2.50      0.278      0.009      0.009
     15.00      20.00       2.00       2.50      0.396      0.007      0.007
     20.00      30.00       2.00       2.50      0.597      0.000      0.000
     30.00      40.00       2.00       2.50      0.694      0.002      0.002
     40.00      50.00       2.00       2.50      0.750      0.001      0.001
     50.00     200.00       2.00       2.50      0.771      0.003      0.003
