      =============================================================
                            DATA Efficiency       
	            GSFElectrons ----> EleIdTight
     -------------------------------------------------------------
     ptLow      ptHi       etaLow     etaHi      Effi      Error  
     -------------------------------------------------------------
     =============================================================
     10.00      15.00       0.00       0.80      0.342      0.008      0.008
     15.00      20.00       0.00       0.80      0.519      0.005      0.005
     20.00      30.00       0.00       0.80      0.675      0.002      0.002
     30.00      40.00       0.00       0.80      0.779      0.001      0.001
     40.00      50.00       0.00       0.80      0.828      0.000      0.000
     50.00     200.00       0.00       0.80      0.846      0.001      0.001
     10.00      15.00       0.80       1.44      0.389      0.009      0.009
     15.00      20.00       0.80       1.44      0.488      0.005      0.006
     20.00      30.00       0.80       1.44      0.611      0.002      0.002
     30.00      40.00       0.80       1.44      0.740      0.001      0.001
     40.00      50.00       0.80       1.44      0.813      0.001      0.001
     50.00     200.00       0.80       1.44      0.838      0.001      0.001
     10.00      15.00       1.44       1.57      0.250      0.022      0.025
     15.00      20.00       1.44       1.57      0.226      0.010      0.011
     20.00      30.00       1.44       1.57      0.341      0.005      0.005
     30.00      40.00       1.44       1.57      0.472      0.003      0.003
     40.00      50.00       1.44       1.57      0.620      0.001      0.001
     50.00     200.00       1.44       1.57      0.660      0.006      0.006
     10.00      15.00       1.57       2.00      0.154      0.007      0.008
     15.00      20.00       1.57       2.00      0.248      0.006      0.006
     20.00      30.00       1.57       2.00      0.406      0.003      0.003
     30.00      40.00       1.57       2.00      0.535      0.002      0.002
     40.00      50.00       1.57       2.00      0.628      0.001      0.001
     50.00     200.00       1.57       2.00      0.679      0.002      0.002
     10.00      15.00       2.00       2.50      0.190      0.007      0.007
     15.00      20.00       2.00       2.50      0.275      0.008      0.008
     20.00      30.00       2.00       2.50      0.446      0.000      0.000
     30.00      40.00       2.00       2.50      0.557      0.002      0.002
     40.00      50.00       2.00       2.50      0.633      0.002      0.002
     50.00     200.00       2.00       2.50      0.674      0.003      0.003
