     =============================================================
                            DATA Efficiency       
	            GSFElectrons ----> EleIdLoose
     -------------------------------------------------------------
     ptLow      ptHi       etaLow     etaHi      Effi      Error  
     -------------------------------------------------------------
     =============================================================
     10.00      15.00       0.00       0.80      0.423      0.008      0.010
     15.00      20.00       0.00       0.80      0.615      0.005      0.005
     20.00      30.00       0.00       0.80      0.764      0.002      0.002
     30.00      40.00       0.00       0.80      0.854      0.001      0.001
     40.00      50.00       0.00       0.80      0.888      0.000      0.000
     50.00     200.00       0.00       0.80      0.899      0.001      0.001
     10.00      15.00       0.80       1.44      0.548      0.010      0.011
     15.00      20.00       0.80       1.44      0.666      0.006      0.006
     20.00      30.00       0.80       1.44      0.762      0.002      0.002
     30.00      40.00       0.80       1.44      0.859      0.001      0.001
     40.00      50.00       0.80       1.44      0.899      0.001      0.001
     50.00     200.00       0.80       1.44      0.907      0.001      0.001
     10.00      15.00       1.44       1.57      0.442      0.036      0.041
     15.00      20.00       1.44       1.57      0.428      0.013      0.015
     20.00      30.00       1.44       1.57      0.578      0.006      0.006
     30.00      40.00       1.44       1.57      0.712      0.003      0.003
     40.00      50.00       1.44       1.57      0.822      0.003      0.003
     50.00     200.00       1.44       1.57      0.835      0.005      0.005
     10.00      15.00       1.57       2.00      0.287      0.011      0.011
     15.00      20.00       1.57       2.00      0.435      0.007      0.007
     20.00      30.00       1.57       2.00      0.648      0.003      0.003
     30.00      40.00       1.57       2.00      0.768      0.002      0.002
     40.00      50.00       1.57       2.00      0.826      0.001      0.001
     50.00     200.00       1.57       2.00      0.842     -0.000      0.002
     10.00      15.00       2.00       2.50      0.330      0.000      0.000
     15.00      20.00       2.00       2.50      0.444      0.007      0.007
     20.00      30.00       2.00       2.50      0.643      0.003      0.003
     30.00      40.00       2.00       2.50      0.731      0.002      0.002
     40.00      50.00       2.00       2.50      0.781      0.001      0.001
     50.00     200.00       2.00       2.50      0.798      0.002      0.002
