     =============================================================
                            MC Efficiency       
	            GSFElectrons ----> EleIdTight
     -------------------------------------------------------------
     ptLow      ptHi       etaLow     etaHi      Effi      Error  
     -------------------------------------------------------------
     =============================================================
     10.00      15.00       0.00       0.80      0.413      0.004      0.004
     15.00      20.00       0.00       0.80      0.561      0.003      0.003
     20.00      30.00       0.00       0.80      0.703      0.001      0.001
     30.00      40.00       0.00       0.80      0.797      0.001      0.001
     40.00      50.00       0.00       0.80      0.844      0.000      0.000
     50.00     200.00       0.00       0.80      0.862      0.001      0.001
     10.00      15.00       0.80       1.44      0.410      0.004      0.004
     15.00      20.00       0.80       1.44      0.523      0.003      0.003
     20.00      30.00       0.80       1.44      0.652      0.001      0.001
     30.00      40.00       0.80       1.44      0.773      0.001      0.001
     40.00      50.00       0.80       1.44      0.840      0.001      0.001
     50.00     200.00       0.80       1.44      0.865      0.001      0.001
     10.00      15.00       1.44       1.57      0.233      0.010      0.011
     15.00      20.00       1.44       1.57      0.279      0.007      0.007
     20.00      30.00       1.44       1.57      0.366      0.003      0.003
     30.00      40.00       1.44       1.57      0.521      0.002      0.002
     40.00      50.00       1.44       1.57      0.686      0.003      0.003
     50.00     200.00       1.44       1.57      0.713      0.005      0.005
     10.00      15.00       1.57       2.00      0.180      0.005      0.005
     15.00      20.00       1.57       2.00      0.290      0.004      0.004
     20.00      30.00       1.57       2.00      0.462      0.002      0.002
     30.00      40.00       1.57       2.00      0.589      0.001      0.001
     40.00      50.00       1.57       2.00      0.667      0.001      0.001
     50.00     200.00       1.57       2.00      0.710      0.002      0.002
     10.00      15.00       2.00       2.50      0.188      0.005      0.005
     15.00      20.00       2.00       2.50      0.305      0.004      0.004
     20.00      30.00       2.00       2.50      0.458      0.002      0.002
     30.00      40.00       2.00       2.50      0.564      0.001      0.001
     40.00      50.00       2.00       2.50      0.638      0.001      0.001
     50.00     200.00       2.00       2.50      0.675      0.002      0.002
