     =============================================================
                            MC Efficiency       
	            GSFElectrons ----> EleIdLoose
     -------------------------------------------------------------
     ptLow      ptHi       etaLow     etaHi      Effi      Error  
     -------------------------------------------------------------
     =============================================================
     10.00      15.00       0.00       0.80      0.488      0.005      0.005
     15.00      20.00       0.00       0.80      0.642      0.003      0.003
     20.00      30.00       0.00       0.80      0.774      0.001      0.001
     30.00      40.00       0.00       0.80      0.851      0.000      0.000
     40.00      50.00       0.00       0.80      0.883      0.000      0.000
     50.00     200.00       0.00       0.80      0.894      0.001      0.001
     10.00      15.00       0.80       1.44      0.566      0.004      0.004
     15.00      20.00       0.80       1.44      0.687      0.003      0.003
     20.00      30.00       0.80       1.44      0.789      0.001      0.001
     30.00      40.00       0.80       1.44      0.872      0.001      0.001
     40.00      50.00       0.80       1.44      0.908      0.000      0.000
     50.00     200.00       0.80       1.44      0.917      0.001      0.001
     10.00      15.00       1.44       1.57      0.415      0.012      0.012
     15.00      20.00       1.44       1.57      0.475      0.008      0.008
     20.00      30.00       1.44       1.57      0.584      0.003      0.003
     30.00      40.00       1.44       1.57      0.737      0.002      0.002
     40.00      50.00       1.44       1.57      0.846      0.002      0.002
     50.00     200.00       1.44       1.57      0.852      0.004      0.004
     10.00      15.00       1.57       2.00      0.306      0.005      0.006
     15.00      20.00       1.57       2.00      0.485      0.004      0.004
     20.00      30.00       1.57       2.00      0.680      0.002      0.002
     30.00      40.00       1.57       2.00      0.783      0.001      0.001
     40.00      50.00       1.57       2.00      0.827      0.001      0.001
     50.00     200.00       1.57       2.00      0.838      0.001      0.001
     10.00      15.00       2.00       2.50      0.315      0.006      0.006
     15.00      20.00       2.00       2.50      0.471      0.004      0.004
     20.00      30.00       2.00       2.50      0.632      0.002      0.002
     30.00      40.00       2.00       2.50      0.718      0.001      0.001
     40.00      50.00       2.00       2.50      0.767      0.001      0.001
     50.00     200.00       2.00       2.50      0.780      0.002      0.002
