# --- Use emacs in sh mode -*-sh-*- #
# This is a automatically generated file by fastNLO and holds the values of the warmup run. 
# The values are valid for the scenario Name
# and if calculated with the steerfile: MCgrid_CMS_2015_Zee.str
# but only if no serious changes have been performed since its creation.
# 
# Delete this file, if you want fastNLO to calculate a new one.
# 
# This file has been calculated using 1 contributions.
#   ( Mind: contributions != events. And contributions are not necessarily in phase space region.
# Please check by eye for reasonability of the values.
 
Warmup.OrderInAlphasOfWarmupRunWas	0
Warmup.CheckScaleLimitsAgainstBins	true
Warmup.ScaleDescriptionScale1     	"Description [GeV]"
Warmup.DifferentialDimension      	1
Warmup.DimensionLabels {
  "Quantity [Unit]"  
} 
Warmup.DimensionIsDifferential {
  "2"  
} 

Warmup.Values {{
   ObsBin       x_min      x_max  Description_[GeV]_min  Description_[GeV]_max
      0      1.48e-03   6.72e-02             88.27             96.86
      1      1.14e-03   7.94e-02             85.66             98.75
      2      7.66e-04   1.29e-01             81.56             99.83
      3      8.10e-04   1.20e-01             82.68             95.72
      4      1.17e-03   9.06e-02             83.96            100.18
      5      8.21e-04   1.24e-01             85.71             97.44
      6      1.03e-03   1.03e-01             82.92             96.22
      7      1.13e-03   8.80e-02             83.30             94.64
      8      1.23e-03   8.69e-02             88.28             99.35
      9      1.42e-03   7.40e-02             87.61            100.00
     10      8.80e-04   1.12e-01             84.83             99.72
     11      1.01e-03   1.01e-01             85.00             97.42
     12      9.41e-04   1.10e-01             86.73             99.78
     13      8.90e-04   1.12e-01             83.94            100.45
     14      9.91e-04   9.96e-02             82.52             93.14
     15      1.58e-03   6.09e-02             83.31             94.81
     16      1.11e-03   9.06e-02             88.14            100.00
     17      1.12e-03   8.83e-02             88.67             95.16
     18      8.43e-04   1.13e-01             86.43             99.67
     19      1.22e-03   8.44e-02             89.53             92.56
     20      1.10e-03   8.02e-02             85.38             97.68
     21      1.10e-03   9.61e-02             83.59             95.00
     22      2.46e-03   4.07e-02             84.43             91.87
     23      8.77e-04   1.14e-01             86.57             97.24
     24      1.37e-03   7.23e-02             86.97             92.27
     25      1.69e-03   6.63e-02             81.00             96.65
     26      3.40e-03   2.95e-02             90.36             91.62
     27      2.50e-03   4.03e-02             82.44             94.78
     28      2.32e-03   4.32e-02             85.88             95.03
     29      1.17e-03   8.62e-02             90.54             95.84
     30      8.68e-04   1.15e-01             89.40             93.32
     31      1.54e-03   6.34e-02             90.15             97.85
     32      1.58e-03   6.39e-02             83.00             92.69
     33      2.42e-03   4.16e-02             91.50             96.28
     34      2.07e-03   4.81e-02             85.76             94.33
     35      1.31e-03   7.17e-02             85.20             96.41
     36      1.22e-03   7.14e-02             85.12             91.46
     37      1.17e-03   8.56e-02             90.76             95.29
     38      1.25e-03   8.21e-02             90.58             93.41
     39      1.50e-03   6.64e-02             81.20             91.46
     40      1.56e-03   6.10e-02             89.16             95.22
     41      5.47e-03   1.72e-02             88.49             88.49
     42      1.27e-03   7.71e-02             90.36             95.01
     43      1.55e-03   6.62e-02             92.47             92.47
     44      5.22e-03   1.76e-02             87.58             87.58
     45      5.08e-03   1.95e-02             89.76             90.83
     46      5.03e-03   2.12e-02             89.74             94.29
     47      3.88e-03   2.51e-02             90.13             91.46
     48      6.12e-03   1.66e-02             92.00             92.10
     49      7.68e+10  -1.00e+11   100000000000.00  -100000000000.00
     50      7.68e+10  -1.00e+11   100000000000.00  -100000000000.00
     51      1.50e-03   6.56e-02             90.47             92.75
     52      3.98e-03   2.95e-02             92.53             99.00
     53      7.68e+10  -1.00e+11   100000000000.00  -100000000000.00
     54      3.03e-03   3.21e-02             90.00             91.69
     55      7.68e+10  -1.00e+11   100000000000.00  -100000000000.00
     56      9.92e-04   9.96e-02             90.73             90.73
     57      7.68e+10  -1.00e+11   100000000000.00  -100000000000.00
     58      2.45e-03   4.12e-02             86.29             91.72
     59      1.27e-03   7.70e-02             90.22             91.11
     60      4.03e-03   2.45e-02             90.39             90.71
     61      7.68e+10  -1.00e+11   100000000000.00  -100000000000.00
     62      7.68e+10  -1.00e+11   100000000000.00  -100000000000.00
     63      2.66e-03   3.81e-02             91.92             98.44
     64      7.68e+10  -1.00e+11   100000000000.00  -100000000000.00
     65      7.68e+10  -1.00e+11   100000000000.00  -100000000000.00
     66      7.68e+10  -1.00e+11   100000000000.00  -100000000000.00
     67      2.79e-03   3.71e-02             92.96             93.00
     68      7.68e+10  -1.00e+11   100000000000.00  -100000000000.00
     69      1.36e-03   6.60e-02             83.82             86.45
     70      1.32e-03   7.54e-02             91.17             91.17
     71      7.68e+10  -1.00e+11   100000000000.00  -100000000000.00
     72      7.68e+10  -1.00e+11   100000000000.00  -100000000000.00
     73      7.68e+10  -1.00e+11   100000000000.00  -100000000000.00
     74      7.68e+10  -1.00e+11   100000000000.00  -100000000000.00
     75      7.68e+10  -1.00e+11   100000000000.00  -100000000000.00
     76      7.68e+10  -1.00e+11   100000000000.00  -100000000000.00
     77      7.68e+10  -1.00e+11   100000000000.00  -100000000000.00
     78      7.68e+10  -1.00e+11   100000000000.00  -100000000000.00
     79      7.68e+10  -1.00e+11   100000000000.00  -100000000000.00
     80      7.97e-03   1.26e-02             91.34             91.34
     81      7.68e+10  -1.00e+11   100000000000.00  -100000000000.00
     82      7.68e+10  -1.00e+11   100000000000.00  -100000000000.00
     83      7.68e+10  -1.00e+11   100000000000.00  -100000000000.00
     84      7.68e+10  -1.00e+11   100000000000.00  -100000000000.00
     85      8.52e-03   1.16e-02             90.96             91.00
     86      7.68e+10  -1.00e+11   100000000000.00  -100000000000.00
     87      7.68e+10  -1.00e+11   100000000000.00  -100000000000.00
     88      7.68e+10  -1.00e+11   100000000000.00  -100000000000.00
     89      7.68e+10  -1.00e+11   100000000000.00  -100000000000.00
     90      7.68e+10  -1.00e+11   100000000000.00  -100000000000.00
     91      7.68e+10  -1.00e+11   100000000000.00  -100000000000.00
     92      7.68e+10  -1.00e+11   100000000000.00  -100000000000.00
     93      7.68e+10  -1.00e+11   100000000000.00  -100000000000.00
     94      7.68e+10  -1.00e+11   100000000000.00  -100000000000.00
     95      7.68e+10  -1.00e+11   100000000000.00  -100000000000.00
     96      7.68e+10  -1.00e+11   100000000000.00  -100000000000.00
     97      7.68e+10  -1.00e+11   100000000000.00  -100000000000.00
     98      7.68e+10  -1.00e+11   100000000000.00  -100000000000.00
     99      7.68e+10  -1.00e+11   100000000000.00  -100000000000.00
    100      7.68e+10  -1.00e+11   100000000000.00  -100000000000.00
    101      7.68e+10  -1.00e+11   100000000000.00  -100000000000.00
    102      7.68e+10  -1.00e+11   100000000000.00  -100000000000.00
    103      7.68e+10  -1.00e+11   100000000000.00  -100000000000.00
    104      7.68e+10  -1.00e+11   100000000000.00  -100000000000.00
    105      7.68e+10  -1.00e+11   100000000000.00  -100000000000.00
    106      7.68e+10  -1.00e+11   100000000000.00  -100000000000.00
    107      7.68e+10  -1.00e+11   100000000000.00  -100000000000.00
    108      7.68e+10  -1.00e+11   100000000000.00  -100000000000.00
    109      5.48e-03   1.83e-02             91.51             91.51
    110      7.68e+10  -1.00e+11   100000000000.00  -100000000000.00
    111      7.68e+10  -1.00e+11   100000000000.00  -100000000000.00
    112      7.68e+10  -1.00e+11   100000000000.00  -100000000000.00
    113      7.68e+10  -1.00e+11   100000000000.00  -100000000000.00
    114      7.68e+10  -1.00e+11   100000000000.00  -100000000000.00
    115      7.68e+10  -1.00e+11   100000000000.00  -100000000000.00
    116      7.68e+10  -1.00e+11   100000000000.00  -100000000000.00
    117      7.68e+10  -1.00e+11   100000000000.00  -100000000000.00
    118      7.68e+10  -1.00e+11   100000000000.00  -100000000000.00
    119      7.68e+10  -1.00e+11   100000000000.00  -100000000000.00
    120      7.68e+10  -1.00e+11   100000000000.00  -100000000000.00
    121      7.68e+10  -1.00e+11   100000000000.00  -100000000000.00
    122      7.68e+10  -1.00e+11   100000000000.00  -100000000000.00
    123      7.68e+10  -1.00e+11   100000000000.00  -100000000000.00
    124      7.68e+10  -1.00e+11   100000000000.00  -100000000000.00
    125      7.68e+10  -1.00e+11   100000000000.00  -100000000000.00
    126      7.68e+10  -1.00e+11   100000000000.00  -100000000000.00
    127      7.68e+10  -1.00e+11   100000000000.00  -100000000000.00
    128      7.68e+10  -1.00e+11   100000000000.00  -100000000000.00
    129      7.68e+10  -1.00e+11   100000000000.00  -100000000000.00
    130      7.68e+10  -1.00e+11   100000000000.00  -100000000000.00
    131      7.68e+10  -1.00e+11   100000000000.00  -100000000000.00
    132      7.68e+10  -1.00e+11   100000000000.00  -100000000000.00
    133      7.68e+10  -1.00e+11   100000000000.00  -100000000000.00
    134      7.68e+10  -1.00e+11   100000000000.00  -100000000000.00
    135      7.68e+10  -1.00e+11   100000000000.00  -100000000000.00
    136      7.68e+10  -1.00e+11   100000000000.00  -100000000000.00
    137      7.68e+10  -1.00e+11   100000000000.00  -100000000000.00
    138      7.68e+10  -1.00e+11   100000000000.00  -100000000000.00
    139      7.68e+10  -1.00e+11   100000000000.00  -100000000000.00
    140      7.68e+10  -1.00e+11   100000000000.00  -100000000000.00
    141      7.68e+10  -1.00e+11   100000000000.00  -100000000000.00
    142      7.68e+10  -1.00e+11   100000000000.00  -100000000000.00
    143      7.68e+10  -1.00e+11   100000000000.00  -100000000000.00
    144      7.68e+10  -1.00e+11   100000000000.00  -100000000000.00
    145      7.68e+10  -1.00e+11   100000000000.00  -100000000000.00
    146      7.68e+10  -1.00e+11   100000000000.00  -100000000000.00
    147      7.68e+10  -1.00e+11   100000000000.00  -100000000000.00
    148      7.68e+10  -1.00e+11   100000000000.00  -100000000000.00
    149      7.68e+10  -1.00e+11   100000000000.00  -100000000000.00
    150      7.68e+10  -1.00e+11   100000000000.00  -100000000000.00
    151      7.68e+10  -1.00e+11   100000000000.00  -100000000000.00
    152      7.68e+10  -1.00e+11   100000000000.00  -100000000000.00
    153      7.68e+10  -1.00e+11   100000000000.00  -100000000000.00
    154      7.68e+10  -1.00e+11   100000000000.00  -100000000000.00
    155      7.68e+10  -1.00e+11   100000000000.00  -100000000000.00
    156      7.68e+10  -1.00e+11   100000000000.00  -100000000000.00
    157      7.68e+10  -1.00e+11   100000000000.00  -100000000000.00
    158      7.68e+10  -1.00e+11   100000000000.00  -100000000000.00
    159      7.68e+10  -1.00e+11   100000000000.00  -100000000000.00
    160      7.68e+10  -1.00e+11   100000000000.00  -100000000000.00
    161      7.68e+10  -1.00e+11   100000000000.00  -100000000000.00
    162      7.68e+10  -1.00e+11   100000000000.00  -100000000000.00
    163      7.68e+10  -1.00e+11   100000000000.00  -100000000000.00
    164      7.68e+10  -1.00e+11   100000000000.00  -100000000000.00
    165      7.68e+10  -1.00e+11   100000000000.00  -100000000000.00
    166      7.68e+10  -1.00e+11   100000000000.00  -100000000000.00
    167      7.68e+10  -1.00e+11   100000000000.00  -100000000000.00
    168      7.68e+10  -1.00e+11   100000000000.00  -100000000000.00
    169      7.68e+10  -1.00e+11   100000000000.00  -100000000000.00
    170      7.68e+10  -1.00e+11   100000000000.00  -100000000000.00
    171      7.68e+10  -1.00e+11   100000000000.00  -100000000000.00
    172      7.68e+10  -1.00e+11   100000000000.00  -100000000000.00
    173      7.68e+10  -1.00e+11   100000000000.00  -100000000000.00
    174      7.68e+10  -1.00e+11   100000000000.00  -100000000000.00
    175      7.68e+10  -1.00e+11   100000000000.00  -100000000000.00
    176      7.68e+10  -1.00e+11   100000000000.00  -100000000000.00
    177      7.68e+10  -1.00e+11   100000000000.00  -100000000000.00
    178      7.68e+10  -1.00e+11   100000000000.00  -100000000000.00
    179      7.68e+10  -1.00e+11   100000000000.00  -100000000000.00
    180      7.68e+10  -1.00e+11   100000000000.00  -100000000000.00
    181      7.68e+10  -1.00e+11   100000000000.00  -100000000000.00
    182      7.68e+10  -1.00e+11   100000000000.00  -100000000000.00
    183      7.68e+10  -1.00e+11   100000000000.00  -100000000000.00
    184      7.68e+10  -1.00e+11   100000000000.00  -100000000000.00
    185      7.68e+10  -1.00e+11   100000000000.00  -100000000000.00
    186      7.68e+10  -1.00e+11   100000000000.00  -100000000000.00
    187      7.68e+10  -1.00e+11   100000000000.00  -100000000000.00
    188      7.68e+10  -1.00e+11   100000000000.00  -100000000000.00
    189      7.68e+10  -1.00e+11   100000000000.00  -100000000000.00
    190      7.68e+10  -1.00e+11   100000000000.00  -100000000000.00
    191      7.68e+10  -1.00e+11   100000000000.00  -100000000000.00
    192      7.68e+10  -1.00e+11   100000000000.00  -100000000000.00
    193      7.68e+10  -1.00e+11   100000000000.00  -100000000000.00
    194      7.68e+10  -1.00e+11   100000000000.00  -100000000000.00
    195      7.68e+10  -1.00e+11   100000000000.00  -100000000000.00
    196      7.68e+10  -1.00e+11   100000000000.00  -100000000000.00
    197      7.68e+10  -1.00e+11   100000000000.00  -100000000000.00
    198      7.68e+10  -1.00e+11   100000000000.00  -100000000000.00
    199      7.68e+10  -1.00e+11   100000000000.00  -100000000000.00
    200      7.68e+10  -1.00e+11   100000000000.00  -100000000000.00
    201      7.68e+10  -1.00e+11   100000000000.00  -100000000000.00
    202      7.68e+10  -1.00e+11   100000000000.00  -100000000000.00
    203      7.68e+10  -1.00e+11   100000000000.00  -100000000000.00
    204      7.68e+10  -1.00e+11   100000000000.00  -100000000000.00
    205      7.68e+10  -1.00e+11   100000000000.00  -100000000000.00
    206      7.68e+10  -1.00e+11   100000000000.00  -100000000000.00
    207      7.68e+10  -1.00e+11   100000000000.00  -100000000000.00
    208      7.68e+10  -1.00e+11   100000000000.00  -100000000000.00
    209      7.68e+10  -1.00e+11   100000000000.00  -100000000000.00
    210      7.68e+10  -1.00e+11   100000000000.00  -100000000000.00
    211      7.68e+10  -1.00e+11   100000000000.00  -100000000000.00
    212      7.68e+10  -1.00e+11   100000000000.00  -100000000000.00
    213      7.68e+10  -1.00e+11   100000000000.00  -100000000000.00
    214      7.68e+10  -1.00e+11   100000000000.00  -100000000000.00
    215      7.68e+10  -1.00e+11   100000000000.00  -100000000000.00
    216      7.68e+10  -1.00e+11   100000000000.00  -100000000000.00
    217      7.68e+10  -1.00e+11   100000000000.00  -100000000000.00
    218      7.68e+10  -1.00e+11   100000000000.00  -100000000000.00
    219      7.68e+10  -1.00e+11   100000000000.00  -100000000000.00
    220      7.68e+10  -1.00e+11   100000000000.00  -100000000000.00
    221      7.68e+10  -1.00e+11   100000000000.00  -100000000000.00
    222      7.68e+10  -1.00e+11   100000000000.00  -100000000000.00
    223      7.68e+10  -1.00e+11   100000000000.00  -100000000000.00
    224      7.68e+10  -1.00e+11   100000000000.00  -100000000000.00
    225      7.68e+10  -1.00e+11   100000000000.00  -100000000000.00
    226      7.68e+10  -1.00e+11   100000000000.00  -100000000000.00
    227      7.68e+10  -1.00e+11   100000000000.00  -100000000000.00
    228      7.68e+10  -1.00e+11   100000000000.00  -100000000000.00
    229      7.68e+10  -1.00e+11   100000000000.00  -100000000000.00
    230      7.68e+10  -1.00e+11   100000000000.00  -100000000000.00
    231      7.68e+10  -1.00e+11   100000000000.00  -100000000000.00
    232      7.68e+10  -1.00e+11   100000000000.00  -100000000000.00
    233      7.68e+10  -1.00e+11   100000000000.00  -100000000000.00
    234      7.68e+10  -1.00e+11   100000000000.00  -100000000000.00
    235      7.68e+10  -1.00e+11   100000000000.00  -100000000000.00
    236      7.68e+10  -1.00e+11   100000000000.00  -100000000000.00
    237      7.68e+10  -1.00e+11   100000000000.00  -100000000000.00
    238      7.68e+10  -1.00e+11   100000000000.00  -100000000000.00
    239      7.68e+10  -1.00e+11   100000000000.00  -100000000000.00
    240      7.68e+10  -1.00e+11   100000000000.00  -100000000000.00
    241      7.68e+10  -1.00e+11   100000000000.00  -100000000000.00
    242      7.68e+10  -1.00e+11   100000000000.00  -100000000000.00
    243      7.68e+10  -1.00e+11   100000000000.00  -100000000000.00
    244      7.68e+10  -1.00e+11   100000000000.00  -100000000000.00
    245      7.68e+10  -1.00e+11   100000000000.00  -100000000000.00
    246      7.68e+10  -1.00e+11   100000000000.00  -100000000000.00
    247      7.68e+10  -1.00e+11   100000000000.00  -100000000000.00
    248      7.68e+10  -1.00e+11   100000000000.00  -100000000000.00
    249      7.68e+10  -1.00e+11   100000000000.00  -100000000000.00
}}


Warmup.Binning {{
    ObsBin  Quantity [Unit]_Lo  Quantity [Unit]_Up       BinSize
       0          0.000         1.000         1.000
       1          1.000         2.000         1.000
       2          2.000         3.000         1.000
       3          3.000         4.000         1.000
       4          4.000         5.000         1.000
       5          5.000         6.000         1.000
       6          6.000         7.000         1.000
       7          7.000         8.000         1.000
       8          8.000         9.000         1.000
       9          9.000        10.000         1.000
      10         10.000        11.000         1.000
      11         11.000        12.000         1.000
      12         12.000        13.000         1.000
      13         13.000        14.000         1.000
      14         14.000        15.000         1.000
      15         15.000        16.000         1.000
      16         16.000        17.000         1.000
      17         17.000        18.000         1.000
      18         18.000        19.000         1.000
      19         19.000        20.000         1.000
      20         20.000        21.000         1.000
      21         21.000        22.000         1.000
      22         22.000        23.000         1.000
      23         23.000        24.000         1.000
      24         24.000        25.000         1.000
      25         25.000        26.000         1.000
      26         26.000        27.000         1.000
      27         27.000        28.000         1.000
      28         28.000        29.000         1.000
      29         29.000        30.000         1.000
      30         30.000        31.000         1.000
      31         31.000        32.000         1.000
      32         32.000        33.000         1.000
      33         33.000        34.000         1.000
      34         34.000        35.000         1.000
      35         35.000        36.000         1.000
      36         36.000        37.000         1.000
      37         37.000        38.000         1.000
      38         38.000        39.000         1.000
      39         39.000        40.000         1.000
      40         40.000        41.000         1.000
      41         41.000        42.000         1.000
      42         42.000        43.000         1.000
      43         43.000        44.000         1.000
      44         44.000        45.000         1.000
      45         45.000        46.000         1.000
      46         46.000        47.000         1.000
      47         47.000        48.000         1.000
      48         48.000        49.000         1.000
      49         49.000        50.000         1.000
      50         50.000        51.000         1.000
      51         51.000        52.000         1.000
      52         52.000        53.000         1.000
      53         53.000        54.000         1.000
      54         54.000        55.000         1.000
      55         55.000        56.000         1.000
      56         56.000        57.000         1.000
      57         57.000        58.000         1.000
      58         58.000        59.000         1.000
      59         59.000        60.000         1.000
      60         60.000        61.000         1.000
      61         61.000        62.000         1.000
      62         62.000        63.000         1.000
      63         63.000        64.000         1.000
      64         64.000        65.000         1.000
      65         65.000        66.000         1.000
      66         66.000        67.000         1.000
      67         67.000        68.000         1.000
      68         68.000        69.000         1.000
      69         69.000        70.000         1.000
      70         70.000        71.000         1.000
      71         71.000        72.000         1.000
      72         72.000        73.000         1.000
      73         73.000        74.000         1.000
      74         74.000        75.000         1.000
      75         75.000        76.000         1.000
      76         76.000        77.000         1.000
      77         77.000        78.000         1.000
      78         78.000        79.000         1.000
      79         79.000        80.000         1.000
      80         80.000        81.000         1.000
      81         81.000        82.000         1.000
      82         82.000        83.000         1.000
      83         83.000        84.000         1.000
      84         84.000        85.000         1.000
      85         85.000        86.000         1.000
      86         86.000        87.000         1.000
      87         87.000        88.000         1.000
      88         88.000        89.000         1.000
      89         89.000        90.000         1.000
      90         90.000        91.000         1.000
      91         91.000        92.000         1.000
      92         92.000        93.000         1.000
      93         93.000        94.000         1.000
      94         94.000        95.000         1.000
      95         95.000        96.000         1.000
      96         96.000        97.000         1.000
      97         97.000        98.000         1.000
      98         98.000        99.000         1.000
      99         99.000       100.000         1.000
     100        100.000       101.000         1.000
     101        101.000       102.000         1.000
     102        102.000       103.000         1.000
     103        103.000       104.000         1.000
     104        104.000       105.000         1.000
     105        105.000       106.000         1.000
     106        106.000       107.000         1.000
     107        107.000       108.000         1.000
     108        108.000       109.000         1.000
     109        109.000       110.000         1.000
     110        110.000       111.000         1.000
     111        111.000       112.000         1.000
     112        112.000       113.000         1.000
     113        113.000       114.000         1.000
     114        114.000       115.000         1.000
     115        115.000       116.000         1.000
     116        116.000       117.000         1.000
     117        117.000       118.000         1.000
     118        118.000       119.000         1.000
     119        119.000       120.000         1.000
     120        120.000       121.000         1.000
     121        121.000       122.000         1.000
     122        122.000       123.000         1.000
     123        123.000       124.000         1.000
     124        124.000       125.000         1.000
     125        125.000       126.000         1.000
     126        126.000       127.000         1.000
     127        127.000       128.000         1.000
     128        128.000       129.000         1.000
     129        129.000       130.000         1.000
     130        130.000       131.000         1.000
     131        131.000       132.000         1.000
     132        132.000       133.000         1.000
     133        133.000       134.000         1.000
     134        134.000       135.000         1.000
     135        135.000       136.000         1.000
     136        136.000       137.000         1.000
     137        137.000       138.000         1.000
     138        138.000       139.000         1.000
     139        139.000       140.000         1.000
     140        140.000       141.000         1.000
     141        141.000       142.000         1.000
     142        142.000       143.000         1.000
     143        143.000       144.000         1.000
     144        144.000       145.000         1.000
     145        145.000       146.000         1.000
     146        146.000       147.000         1.000
     147        147.000       148.000         1.000
     148        148.000       149.000         1.000
     149        149.000       150.000         1.000
     150        150.000       151.000         1.000
     151        151.000       152.000         1.000
     152        152.000       153.000         1.000
     153        153.000       154.000         1.000
     154        154.000       155.000         1.000
     155        155.000       156.000         1.000
     156        156.000       157.000         1.000
     157        157.000       158.000         1.000
     158        158.000       159.000         1.000
     159        159.000       160.000         1.000
     160        160.000       161.000         1.000
     161        161.000       162.000         1.000
     162        162.000       163.000         1.000
     163        163.000       164.000         1.000
     164        164.000       165.000         1.000
     165        165.000       166.000         1.000
     166        166.000       167.000         1.000
     167        167.000       168.000         1.000
     168        168.000       169.000         1.000
     169        169.000       170.000         1.000
     170        170.000       171.000         1.000
     171        171.000       172.000         1.000
     172        172.000       173.000         1.000
     173        173.000       174.000         1.000
     174        174.000       175.000         1.000
     175        175.000       176.000         1.000
     176        176.000       177.000         1.000
     177        177.000       178.000         1.000
     178        178.000       179.000         1.000
     179        179.000       180.000         1.000
     180        180.000       181.000         1.000
     181        181.000       182.000         1.000
     182        182.000       183.000         1.000
     183        183.000       184.000         1.000
     184        184.000       185.000         1.000
     185        185.000       186.000         1.000
     186        186.000       187.000         1.000
     187        187.000       188.000         1.000
     188        188.000       189.000         1.000
     189        189.000       190.000         1.000
     190        190.000       191.000         1.000
     191        191.000       192.000         1.000
     192        192.000       193.000         1.000
     193        193.000       194.000         1.000
     194        194.000       195.000         1.000
     195        195.000       196.000         1.000
     196        196.000       197.000         1.000
     197        197.000       198.000         1.000
     198        198.000       199.000         1.000
     199        199.000       200.000         1.000
     200        200.000       201.000         1.000
     201        201.000       202.000         1.000
     202        202.000       203.000         1.000
     203        203.000       204.000         1.000
     204        204.000       205.000         1.000
     205        205.000       206.000         1.000
     206        206.000       207.000         1.000
     207        207.000       208.000         1.000
     208        208.000       209.000         1.000
     209        209.000       210.000         1.000
     210        210.000       211.000         1.000
     211        211.000       212.000         1.000
     212        212.000       213.000         1.000
     213        213.000       214.000         1.000
     214        214.000       215.000         1.000
     215        215.000       216.000         1.000
     216        216.000       217.000         1.000
     217        217.000       218.000         1.000
     218        218.000       219.000         1.000
     219        219.000       220.000         1.000
     220        220.000       221.000         1.000
     221        221.000       222.000         1.000
     222        222.000       223.000         1.000
     223        223.000       224.000         1.000
     224        224.000       225.000         1.000
     225        225.000       226.000         1.000
     226        226.000       227.000         1.000
     227        227.000       228.000         1.000
     228        228.000       229.000         1.000
     229        229.000       230.000         1.000
     230        230.000       231.000         1.000
     231        231.000       232.000         1.000
     232        232.000       233.000         1.000
     233        233.000       234.000         1.000
     234        234.000       235.000         1.000
     235        235.000       236.000         1.000
     236        236.000       237.000         1.000
     237        237.000       238.000         1.000
     238        238.000       239.000         1.000
     239        239.000       240.000         1.000
     240        240.000       241.000         1.000
     241        241.000       242.000         1.000
     242        242.000       243.000         1.000
     243        243.000       244.000         1.000
     244        244.000       245.000         1.000
     245        245.000       246.000         1.000
     246        246.000       247.000         1.000
     247        247.000       248.000         1.000
     248        248.000       249.000         1.000
     249        249.000       250.000         1.000
}}
