# --- Use emacs in sh mode -*-sh-*- #
# This is a automatically generated file by fastNLO and holds the values of the warmup run. 
# The values are valid for the scenario d01-x01-y01
# and if calculated with the steerfile: MCgrid_CMS_2015_Zee.str
# but only if no serious changes have been performed since its creation.
# 
# Delete this file, if you want fastNLO to calculate a new one.
# 
# This file has been calculated using 5.0e+01 contributions.
#   ( Mind: contributions != events. And contributions are not necessarily in phase space region.
# Please check by eye for reasonability of the values.
 
Warmup.OrderInAlphasOfWarmupRunWas	1
Warmup.CheckScaleLimitsAgainstBins	true
Warmup.ScaleDescriptionScale1     	"Description_[GeV]"
Warmup.DifferentialDimension      	1
Warmup.DimensionLabels {
  "pT_[GeV]"  
} 
Warmup.DimensionIsDifferential {
  "2"  
} 

Warmup.Values {{
   ObsBin       x_min      x_max  Description_[GeV]_min  Description_[GeV]_max
      0      7.77e-04   1.00e+00             91.19             91.19
      1      8.47e-04   1.00e+00             91.19             91.19
      2      8.88e-04   1.00e+00             91.19             91.19
      3      9.74e-04   1.00e+00             91.19             91.19
      4      1.04e-03   1.00e+00             91.19             91.19
      5      1.14e-03   1.00e+00             91.19             91.19
      6      1.22e-03   1.00e+00             91.19             91.19
      7      1.30e-03   1.00e+00             91.19             91.19
      8      1.47e-03   1.00e+00             91.19             91.19
      9      1.50e-03   1.00e+00             91.19             91.19
     10      1.65e-03   1.00e+00             91.19             91.19
     11      1.76e-03   1.00e+00             91.19             91.19
     12      1.87e-03   1.00e+00             91.19             91.19
     13      2.09e-03   1.00e+00             91.19             91.19
     14      2.16e-03   1.00e+00             91.19             91.19
     15      2.35e-03   1.00e+00             91.19             91.19
     16      2.40e-03   1.00e+00             91.19             91.19
     17      2.67e-03   1.00e+00             91.19             91.19
     18      2.78e-03   1.00e+00             91.19             91.19
     19      3.01e-03   1.00e+00             91.19             91.19
     20      3.03e-03   1.00e+00             91.19             91.19
     21      3.25e-03   1.00e+00             91.19             91.19
     22      3.55e-03   1.00e+00             91.19             91.19
     23      3.85e-03   1.00e+00             91.19             91.19
     24      4.04e-03   1.00e+00             91.19             91.19
     25      4.26e-03   1.00e+00             91.19             91.19
     26      4.61e-03   1.00e+00             91.19             91.19
     27      4.47e-03   1.00e+00             91.19             91.19
     28      4.86e-03   1.00e+00             91.19             91.19
     29      5.19e-03   1.00e+00             91.19             91.19
     30      5.37e-03   1.00e+00             91.19             91.19
     31      5.66e-03   1.00e+00             91.19             91.19
     32      6.05e-03   1.00e+00             91.19             91.19
     33      6.29e-03   1.00e+00             91.19             91.19
     34      6.67e-03   1.00e+00             91.19             91.19
     35      7.04e-03   1.00e+00             91.19             91.19
     36      7.61e-03   1.00e+00             91.19             91.19
     37      7.80e-03   1.00e+00             91.19             91.19
}}


Warmup.Binning {{
    ObsBin   pT_[GeV]_Lo   pT_[GeV]_Up       BinSize
       0         20.000        30.000        10.000
       1         30.000        40.000        10.000
       2         40.000        50.000        10.000
       3         50.000        60.000        10.000
       4         60.000        70.000        10.000
       5         70.000        80.000        10.000
       6         80.000        90.000        10.000
       7         90.000       100.000        10.000
       8        100.000       110.000        10.000
       9        110.000       120.000        10.000
      10        120.000       130.000        10.000
      11        130.000       140.000        10.000
      12        140.000       150.000        10.000
      13        150.000       160.000        10.000
      14        160.000       170.000        10.000
      15        170.000       180.000        10.000
      16        180.000       190.000        10.000
      17        190.000       200.000        10.000
      18        200.000       210.000        10.000
      19        210.000       220.000        10.000
      20        220.000       230.000        10.000
      21        230.000       240.000        10.000
      22        240.000       250.000        10.000
      23        250.000       260.000        10.000
      24        260.000       270.000        10.000
      25        270.000       280.000        10.000
      26        280.000       290.000        10.000
      27        290.000       300.000        10.000
      28        300.000       310.000        10.000
      29        310.000       320.000        10.000
      30        320.000       330.000        10.000
      31        330.000       340.000        10.000
      32        340.000       350.000        10.000
      33        350.000       360.000        10.000
      34        360.000       370.000        10.000
      35        370.000       380.000        10.000
      36        380.000       390.000        10.000
      37        390.000       400.000        10.000
}}
