!
! Zee cross sections 2011
! by CMS collaboration,
!
&Data
   Name           = 'CMS Zee jets 2012 y2_phistar'
   Reaction       = 'FastNLO jets'

   NDATA          = 37
   NColumn        = 10
   ColumnType     = 'Bin' , 'Bin'  , 'Sigma', 'Error', 'Error', 'Error', 'Error', 'Error', 'Error', 'Error'
   ColumnName     = 'phistarlow', 'phistarhigh', 'Sigma', 'stat' ,  'bkgr',  'ef',  'trigg', 'uncor', 'lumi', 'uncor'
   NInfo          = 4
   DataInfo       = 13000.     , 1.                 , -1.      , -1.
   CInfo          = 'sqrt(S)' , 'PublicationUnits' , 'MurDef' , 'MufDef'

   IndexDataset   = 45

  TheoryInfoFile = '/nfs/dust/cms/user/afriedel/fastNLOTables/newbins_2/y2_phistar.tab'
   TheoryType     = 'FastNLO'

   Percent        = True*7
&End
&PlotDesc
   PlotN = 1
   PlotDefColumn = 'phistarlow'
   PlotDefValue = 0.02, 25.0
   PlotOptions(1)  = 'Experiment:CMS@ExtraLabel: CMS Zee jets 2012 y2_phistar @Title: 2015 @XTitle: |quantity| @YTitle:(#sigma) #sigma'
&End 
0.02  0.03 451.466478 0.532142 0.035399 2.584298 0.192702 2.0 2.5 0.5
0.03  0.04 474.893615 0.513429 0.039568 2.584131 0.192481 2.0 2.5 0.5
0.04  0.05 521.147049 0.487191 0.034321 2.583898 0.192170 2.0 2.5 0.5
0.05  0.06 633.819204 0.424766 0.026812 2.583570 0.192478 2.0 2.5 0.5
0.06  0.07 618.128042 0.420528 0.030694 2.583612 0.192721 2.0 2.5 0.5
0.07  0.08 539.845696 0.451057 0.034911 2.583751 0.192657 2.0 2.5 0.5
0.08  0.09 486.742852 0.474578 0.038665 2.583963 0.192841 2.0 2.5 0.5
0.09  0.1 428.648199 0.506214 0.044321 2.584198 0.192947 2.0 2.5 0.5
0.1  0.115 372.969671 0.441944 0.050218 2.584383 0.192836 2.0 2.5 0.5
0.115  0.13 319.692299 0.478769 0.063661 2.584675 0.193032 2.0 2.5 0.5
0.13  0.145 271.628020 0.519374 0.068643 2.584944 0.193115 2.0 2.5 0.5
0.145  0.165 231.968825 0.485350 0.087766 2.585382 0.193369 2.0 2.5 0.5
0.165  0.19 192.056104 0.477914 0.098208 2.585806 0.193458 2.0 2.5 0.5
0.19  0.22 153.603665 0.488899 0.128618 2.586455 0.193722 2.0 2.5 0.5
0.22  0.26 116.509283 0.483901 0.161258 2.587277 0.193901 2.0 2.5 0.5
0.26  0.31 86.389381 0.502686 0.202572 2.588288 0.194303 2.0 2.5 0.5
0.31  0.35 66.380454 0.644129 0.269301 2.589464 0.194526 2.0 2.5 0.5
0.35  0.4 51.962367 0.654363 0.331931 2.590397 0.194718 2.0 2.5 0.5
0.4  0.45 40.547793 0.738609 0.388481 2.591780 0.194859 2.0 2.5 0.5
0.45  0.5 31.579631 0.834870 0.463047 2.593376 0.195260 2.0 2.5 0.5
0.5  0.55 25.781238 0.927742 0.539401 2.595583 0.195279 2.0 2.5 0.5
0.55  0.6 20.843339 1.030480 0.603142 2.600050 0.194908 2.0 2.5 0.5
0.6  0.65 18.039709 1.109313 0.716949 2.605532 0.195165 2.0 2.5 0.5
0.65  0.7 15.016060 1.215450 0.798055 2.613895 0.195829 2.0 2.5 0.5
0.7  0.75 12.775068 1.324171 0.812941 2.623665 0.195868 2.0 2.5 0.5
0.75  0.8 10.673764 1.435645 0.902916 2.636473 0.195826 2.0 2.5 0.5
0.8  0.85 8.987316 1.576054 1.029913 2.651603 0.198677 2.0 2.5 0.5
0.85  0.9 8.031936 1.647913 0.964679 2.674820 0.198911 2.0 2.5 0.5
0.9  1.0 6.706601 1.277275 1.067748 2.687926 0.200939 2.0 2.5 0.5
1.0  1.25 4.446720 0.991969 1.105341 2.742109 0.207024 2.0 2.5 0.5
1.25  1.5 2.653444 1.266539 1.200041 2.817589 0.218531 2.0 2.5 0.5
1.5  2.0 1.419870 1.251083 1.164985 2.894617 0.240197 2.0 2.5 0.5
2.0  3.0 0.570603 1.387244 1.200823 2.965807 0.266530 2.0 2.5 0.5
3.0  4.0 0.236394 2.168512 1.374774 2.968926 0.290095 2.0 2.5 0.5
4.0  6.0 0.102607 2.322228 1.384427 2.933704 0.296297 2.0 2.5 0.5
6.0  12.0 0.031508 2.414865 1.250952 2.883037 0.289718 2.0 2.5 0.5
12.0  25.0 0.007243 3.493475 1.234940 2.863480 0.273198 2.0 2.5 0.5