!
! Zee cross sections 2011
! by CMS collaboration,
!
&Data
   Name           = 'CMS Zee jets 2012 y0_phistar'
   Reaction       = 'FastNLO jets'

   NDATA          = 37
   NColumn        = 10
   ColumnType     = 'Bin' , 'Bin'  , 'Sigma', 'Error', 'Error', 'Error', 'Error', 'Error', 'Error', 'Error'
   ColumnName     = 'phistarlow', 'phistarhigh', 'Sigma', 'stat' ,  'bkgr',  'ef',  'trigg', 'uncor', 'lumi', 'uncor'
   NInfo          = 4
   DataInfo       = 13000.     , 1.                 , -1.      , -1.
   CInfo          = 'sqrt(S)' , 'PublicationUnits' , 'MurDef' , 'MufDef'

   IndexDataset   = 703

  TheoryInfoFile = '/nfs/dust/cms/user/afriedel/fastNLOTables/newbins_2/y0_phistar.tab'
   TheoryType     = 'FastNLO'

   Percent        = True*7
&End
&PlotDesc
   PlotN = 1
   PlotDefColumn = 'phistarlow'
   PlotDefValue = 0.02, 25.0
   PlotOptions(1)  = 'Experiment:CMS@ExtraLabel: CMS Zee jets 2012 y0_phistar @Title: 2015 @XTitle: |quantity| @YTitle:(#sigma) #sigma'
&End 
0.02  0.03 464.465103 0.517358 0.038052 2.583904 0.156936 2.0 2.5 0.5
0.03  0.04 485.406050 0.499671 0.042584 2.583849 0.157055 2.0 2.5 0.5
0.04  0.05 526.153679 0.478395 0.040022 2.583733 0.157578 2.0 2.5 0.5
0.05  0.06 648.820533 0.419641 0.034011 2.583636 0.158513 2.0 2.5 0.5
0.06  0.07 629.864699 0.417429 0.032033 2.583635 0.158666 2.0 2.5 0.5
0.07  0.08 559.323322 0.443394 0.038787 2.583706 0.158521 2.0 2.5 0.5
0.08  0.09 491.026395 0.473274 0.040354 2.583810 0.158344 2.0 2.5 0.5
0.09  0.1 435.796012 0.503600 0.046436 2.583890 0.158339 2.0 2.5 0.5
0.1  0.115 382.380441 0.438144 0.054889 2.583986 0.158145 2.0 2.5 0.5
0.115  0.13 325.657734 0.475094 0.068154 2.584146 0.158053 2.0 2.5 0.5
0.13  0.145 283.489381 0.509480 0.074642 2.584269 0.157827 2.0 2.5 0.5
0.145  0.165 236.605998 0.483442 0.086661 2.584451 0.157780 2.0 2.5 0.5
0.165  0.19 197.059666 0.473912 0.106522 2.584694 0.157657 2.0 2.5 0.5
0.19  0.22 158.265105 0.482526 0.133068 2.584921 0.157316 2.0 2.5 0.5
0.22  0.26 121.406518 0.478357 0.168635 2.585245 0.157247 2.0 2.5 0.5
0.26  0.31 89.848746 0.496557 0.213332 2.585758 0.156977 2.0 2.5 0.5
0.31  0.35 67.310439 0.642268 0.281798 2.586221 0.156830 2.0 2.5 0.5
0.35  0.4 53.014848 0.646335 0.358670 2.586897 0.157016 2.0 2.5 0.5
0.4  0.45 41.608447 0.728008 0.440956 2.587383 0.156635 2.0 2.5 0.5
0.45  0.5 33.373065 0.814697 0.506303 2.588379 0.156663 2.0 2.5 0.5
0.5  0.55 26.998725 0.905482 0.615968 2.589465 0.157103 2.0 2.5 0.5
0.55  0.6 22.290104 1.003117 0.696688 2.592544 0.157302 2.0 2.5 0.5
0.6  0.65 18.337541 1.096379 0.763584 2.595705 0.156929 2.0 2.5 0.5
0.65  0.7 15.254800 1.201765 0.834741 2.601045 0.156655 2.0 2.5 0.5
0.7  0.75 13.227306 1.296342 0.948535 2.608455 0.157133 2.0 2.5 0.5
0.75  0.8 11.196751 1.414391 1.069455 2.619670 0.157801 2.0 2.5 0.5
0.8  0.85 9.717832 1.523030 1.100341 2.632025 0.158383 2.0 2.5 0.5
0.85  0.9 8.857898 1.572059 1.136682 2.645496 0.158833 2.0 2.5 0.5
0.9  1.0 6.922017 1.265687 1.247814 2.666510 0.160535 2.0 2.5 0.5
1.0  1.25 4.679491 0.974255 1.271542 2.711208 0.164139 2.0 2.5 0.5
1.25  1.5 2.838503 1.254376 1.271352 2.777921 0.171541 2.0 2.5 0.5
1.5  2.0 1.538579 1.193636 1.352625 2.853431 0.180603 2.0 2.5 0.5
2.0  3.0 0.638306 1.312765 1.230877 2.937470 0.195540 2.0 2.5 0.5
3.0  4.0 0.269112 2.031641 1.299779 2.967763 0.207441 2.0 2.5 0.5
4.0  6.0 0.129347 2.086721 1.407799 2.966235 0.213723 2.0 2.5 0.5
6.0  12.0 0.035576 2.313945 1.457743 2.925285 0.212110 2.0 2.5 0.5
12.0  25.0 0.008917 3.109167 1.485027 2.911825 0.210844 2.0 2.5 0.5