!
! Zee cross sections 2011
! by CMS collaboration,
!
&Data
   Name           = 'CMS Zee jets 2012 y3_phistar'
   Reaction       = 'FastNLO jets'

   NDATA          = 37
   NColumn        = 10
   ColumnType     = 'Bin' , 'Bin'  , 'Sigma', 'Error', 'Error', 'Error', 'Error', 'Error', 'Error', 'Error'
   ColumnName     = 'phistarlow', 'phistarhigh', 'Sigma', 'stat' ,  'bkgr',  'ef',  'trigg', 'uncor', 'lumi', 'uncor'
   NInfo          = 4
   DataInfo       = 13000.     , 1.                 , -1.      , -1.
   CInfo          = 'sqrt(S)' , 'PublicationUnits' , 'MurDef' , 'MufDef'

   IndexDataset   = 681

  TheoryInfoFile = '/nfs/dust/cms/user/afriedel/fastNLOTables/newbins_2/y3_phistar.tab'
   TheoryType     = 'FastNLO'

   Percent        = True*7
&End
&PlotDesc
   PlotN = 1
   PlotDefColumn = 'phistarlow'
   PlotDefValue = 0.02, 25.0
   PlotOptions(1)  = 'Experiment:CMS@ExtraLabel: CMS Zee jets 2012 y3_phistar @Title: 2015 @XTitle: |quantity| @YTitle:(#sigma) #sigma'
&End 
0.02  0.03 409.960275 0.559752 0.035290 2.584459 0.216619 2.0 2.5 0.5
0.03  0.04 421.636609 0.549661 0.033446 2.584251 0.216052 2.0 2.5 0.5
0.04  0.05 464.795562 0.519289 0.035053 2.584014 0.215718 2.0 2.5 0.5
0.05  0.06 559.452556 0.450933 0.029775 2.583594 0.215507 2.0 2.5 0.5
0.06  0.07 544.453562 0.444614 0.032109 2.583633 0.215596 2.0 2.5 0.5
0.07  0.08 476.137417 0.476963 0.037363 2.583760 0.215607 2.0 2.5 0.5
0.08  0.09 425.589769 0.504507 0.044351 2.584055 0.215650 2.0 2.5 0.5
0.09  0.1 379.319035 0.534321 0.041274 2.584121 0.215843 2.0 2.5 0.5
0.1  0.115 331.730058 0.464910 0.052796 2.584420 0.215941 2.0 2.5 0.5
0.115  0.13 281.566295 0.505640 0.055102 2.584741 0.216078 2.0 2.5 0.5
0.13  0.145 240.577259 0.546874 0.074469 2.585065 0.216359 2.0 2.5 0.5
0.145  0.165 205.580069 0.512466 0.071053 2.585442 0.216488 2.0 2.5 0.5
0.165  0.19 170.910640 0.502122 0.097374 2.585916 0.216206 2.0 2.5 0.5
0.19  0.22 134.754513 0.516013 0.110213 2.586528 0.216533 2.0 2.5 0.5
0.22  0.26 103.095020 0.511837 0.159219 2.587372 0.216873 2.0 2.5 0.5
0.26  0.31 77.282234 0.527148 0.198641 2.588563 0.216995 2.0 2.5 0.5
0.31  0.35 56.968706 0.684242 0.246301 2.589645 0.216884 2.0 2.5 0.5
0.35  0.4 44.969798 0.694134 0.298422 2.590959 0.217340 2.0 2.5 0.5
0.4  0.45 35.060204 0.786926 0.380256 2.592182 0.216998 2.0 2.5 0.5
0.45  0.5 27.938109 0.881434 0.426742 2.593632 0.217398 2.0 2.5 0.5
0.5  0.55 22.491624 0.978723 0.513161 2.595385 0.217865 2.0 2.5 0.5
0.55  0.6 18.496967 1.086535 0.602069 2.597425 0.217762 2.0 2.5 0.5
0.6  0.65 15.065284 1.201821 0.660180 2.600309 0.217582 2.0 2.5 0.5
0.65  0.7 12.565268 1.293546 0.701087 2.602978 0.217206 2.0 2.5 0.5
0.7  0.75 10.752379 1.431875 0.850031 2.607814 0.217566 2.0 2.5 0.5
0.75  0.8 8.889781 1.555678 0.835796 2.613655 0.218328 2.0 2.5 0.5
0.8  0.85 7.981524 1.655458 0.877327 2.617185 0.218379 2.0 2.5 0.5
0.85  0.9 6.355570 1.813486 0.960882 2.620379 0.220359 2.0 2.5 0.5
0.9  1.0 5.556167 1.393092 0.927379 2.628486 0.222460 2.0 2.5 0.5
1.0  1.25 3.583133 1.094561 1.001701 2.653262 0.231844 2.0 2.5 0.5
1.25  1.5 2.114537 1.433660 1.043973 2.695131 0.247025 2.0 2.5 0.5
1.5  2.0 1.092521 1.412647 1.037279 2.732464 0.276060 2.0 2.5 0.5
2.0  3.0 0.432058 1.576501 1.086159 2.799107 0.327202 2.0 2.5 0.5
3.0  4.0 0.166922 2.561101 1.171567 2.851557 0.377809 2.0 2.5 0.5
4.0  6.0 0.076634 2.682370 1.054790 2.865804 0.419466 2.0 2.5 0.5
6.0  12.0 0.021443 2.941957 1.296292 2.855089 0.403478 2.0 2.5 0.5
12.0  25.0 0.005186 3.970682 1.126779 2.839509 0.392791 2.0 2.5 0.5