!
! Zee cross sections 2011
! by CMS collaboration,
!
&Data
   Name           = 'CMS Zee jets 2012 y4_phistar'
   Reaction       = 'FastNLO jets'

   NDATA          = 37
   NColumn        = 10
   ColumnType     = 'Bin' , 'Bin'  , 'Sigma', 'Error', 'Error', 'Error', 'Error', 'Error', 'Error', 'Error'
   ColumnName     = 'phistarlow', 'phistarhigh', 'Sigma', 'stat' ,  'bkgr',  'ef',  'trigg', 'uncor', 'lumi', 'uncor'
   NInfo          = 4
   DataInfo       = 13000.     , 1.                 , -1.      , -1.
   CInfo          = 'sqrt(S)' , 'PublicationUnits' , 'MurDef' , 'MufDef'

   IndexDataset   = 81

  TheoryInfoFile = '/nfs/dust/cms/user/afriedel/fastNLOTables/newbins_2/y4_phistar.tab'
   TheoryType     = 'FastNLO'

   Percent        = True*7
&End
&PlotDesc
   PlotN = 1
   PlotDefColumn = 'phistarlow'
   PlotDefValue = 0.02, 25.00
   PlotOptions(1)  = 'Experiment:CMS@ExtraLabel: CMS Zee jets 2012 y4_phistar @Title: 2015 @XTitle: |quantity| @YTitle:(#sigma) #sigma'
&End 
0.02  0.03 247.549836 0.727986 0.032264 2.586546 0.237411 2.0 2.5 0.5
0.03  0.04 257.774487 0.707433 0.043360 2.586362 0.237233 2.0 2.5 0.5
0.04  0.05 280.132681 0.671155 0.036901 2.585765 0.236482 2.0 2.5 0.5
0.05  0.06 330.095947 0.585939 0.031135 2.585294 0.235513 2.0 2.5 0.5
0.06  0.07 320.186844 0.574206 0.031888 2.585200 0.235479 2.0 2.5 0.5
0.07  0.08 285.423848 0.609725 0.038163 2.585518 0.235840 2.0 2.5 0.5
0.08  0.09 251.546214 0.651319 0.046077 2.585775 0.236014 2.0 2.5 0.5
0.09  0.1 231.317622 0.678831 0.052296 2.586269 0.236277 2.0 2.5 0.5
0.1  0.115 198.285714 0.596390 0.050830 2.586758 0.236430 2.0 2.5 0.5
0.115  0.13 170.967841 0.643292 0.069445 2.587361 0.236731 2.0 2.5 0.5
0.13  0.145 147.452730 0.694701 0.081269 2.587752 0.236692 2.0 2.5 0.5
0.145  0.165 126.658346 0.647090 0.087715 2.589132 0.237280 2.0 2.5 0.5
0.165  0.19 103.725760 0.638905 0.097342 2.589610 0.237851 2.0 2.5 0.5
0.19  0.22 81.890080 0.656451 0.132673 2.591233 0.238264 2.0 2.5 0.5
0.22  0.26 64.430153 0.638925 0.145141 2.592270 0.238205 2.0 2.5 0.5
0.26  0.31 47.454668 0.670987 0.198983 2.594501 0.239024 2.0 2.5 0.5
0.31  0.35 36.752850 0.845460 0.236975 2.596900 0.239132 2.0 2.5 0.5
0.35  0.4 28.624490 0.860931 0.302708 2.599351 0.239386 2.0 2.5 0.5
0.4  0.45 21.733879 0.984960 0.379523 2.602414 0.238882 2.0 2.5 0.5
0.45  0.5 17.523395 1.099868 0.389108 2.605630 0.239789 2.0 2.5 0.5
0.5  0.55 13.961309 1.246396 0.476338 2.609003 0.240075 2.0 2.5 0.5
0.55  0.6 11.810366 1.339108 0.541231 2.614101 0.239693 2.0 2.5 0.5
0.6  0.65 9.672283 1.481238 0.562055 2.616483 0.240001 2.0 2.5 0.5
0.65  0.7 7.781914 1.659058 0.710556 2.621815 0.239197 2.0 2.5 0.5
0.7  0.75 6.893117 1.787811 0.699849 2.630447 0.240802 2.0 2.5 0.5
0.75  0.8 5.408608 1.972212 0.711685 2.641983 0.242092 2.0 2.5 0.5
0.8  0.85 4.989015 2.081114 0.724691 2.642469 0.243533 2.0 2.5 0.5
0.85  0.9 4.398159 2.168996 0.748386 2.658648 0.246278 2.0 2.5 0.5
0.9  1.0 3.416784 1.790836 0.901858 2.685558 0.249626 2.0 2.5 0.5
1.0  1.25 2.193205 1.397742 0.925892 2.740378 0.259327 2.0 2.5 0.5
1.25  1.5 1.257357 1.861026 0.917818 2.880700 0.283155 2.0 2.5 0.5
1.5  2.0 0.613211 1.871650 0.877190 3.082415 0.329998 2.0 2.5 0.5
2.0  3.0 0.222121 2.205985 1.023600 3.493560 0.430561 2.0 2.5 0.5
3.0  4.0 0.078900 3.831399 1.002921 3.845102 0.552817 2.0 2.5 0.5
4.0  6.0 0.026938 4.678441 1.067682 4.262944 0.665076 2.0 2.5 0.5
6.0  12.0 0.006846 5.315330 1.100224 4.515104 0.645540 2.0 2.5 0.5
12.0  25.0 0.001880 7.065946 0.885054 4.608170 0.629061 2.0 2.5 0.5