!
! Zee cross sections 2011
! by CMS collaboration,
!
&Data
   Name           = 'CMS Zee jets 2012 y1_phistar'
   Reaction       = 'FastNLO jets'

   NDATA          = 37
   NColumn        = 10
   ColumnType     = 'Bin' , 'Bin'  , 'Sigma', 'Error', 'Error', 'Error', 'Error', 'Error', 'Error', 'Error'
   ColumnName     = 'phistarlow', 'phistarhigh', 'Sigma', 'stat' ,  'bkgr',  'ef',  'trigg', 'uncor', 'lumi', 'uncor'
   NInfo          = 4
   DataInfo       = 13000.     , 1.                 , -1.      , -1.
   CInfo          = 'sqrt(S)' , 'PublicationUnits' , 'MurDef' , 'MufDef'

   IndexDataset   = 352

  TheoryInfoFile = '/nfs/dust/cms/user/afriedel/fastNLOTables/newbins_2/y1_phistar.tab'
   TheoryType     = 'FastNLO'

   Percent        = True*7
&End
&PlotDesc
   PlotN = 1
   PlotDefColumn = 'phistarlow'
   PlotDefValue = 0.02, 25.0
   PlotOptions(1)  = 'Experiment:CMS@ExtraLabel: CMS Zee jets 2012 y1_phistar @Title: 2015 @XTitle: |quantity| @YTitle:(#sigma) #sigma'
&End 
0.02  0.03 458.534072 0.525099 0.038361 2.583585 0.172704 2.0 2.5 0.5
0.03  0.04 481.196184 0.508396 0.034929 2.583485 0.172597 2.0 2.5 0.5
0.04  0.05 532.055410 0.478852 0.037207 2.583344 0.172820 2.0 2.5 0.5
0.05  0.06 650.005182 0.420266 0.030981 2.583130 0.173270 2.0 2.5 0.5
0.06  0.07 624.665344 0.419974 0.033264 2.583166 0.173482 2.0 2.5 0.5
0.07  0.08 552.064462 0.446245 0.034948 2.583250 0.173626 2.0 2.5 0.5
0.08  0.09 490.895555 0.474311 0.042742 2.583369 0.173567 2.0 2.5 0.5
0.09  0.1 435.113899 0.503913 0.045838 2.583471 0.173341 2.0 2.5 0.5
0.1  0.115 381.758040 0.438589 0.058187 2.583622 0.173040 2.0 2.5 0.5
0.115  0.13 328.494293 0.473225 0.061555 2.583820 0.172988 2.0 2.5 0.5
0.13  0.145 280.365553 0.511890 0.073713 2.583984 0.172788 2.0 2.5 0.5
0.145  0.165 235.023822 0.484669 0.088920 2.584198 0.172857 2.0 2.5 0.5
0.165  0.19 192.822374 0.479728 0.103737 2.584483 0.172594 2.0 2.5 0.5
0.19  0.22 155.853082 0.486904 0.130959 2.584832 0.172448 2.0 2.5 0.5
0.22  0.26 119.888724 0.479084 0.164383 2.585282 0.172240 2.0 2.5 0.5
0.26  0.31 88.436450 0.500467 0.219870 2.585867 0.171956 2.0 2.5 0.5
0.31  0.35 68.553617 0.633087 0.279458 2.586644 0.171887 2.0 2.5 0.5
0.35  0.4 52.659513 0.649921 0.329847 2.587206 0.171772 2.0 2.5 0.5
0.4  0.45 41.440493 0.731822 0.416858 2.588274 0.171540 2.0 2.5 0.5
0.45  0.5 32.326662 0.830712 0.499703 2.589119 0.171449 2.0 2.5 0.5
0.5  0.55 26.566510 0.913059 0.587256 2.590418 0.171543 2.0 2.5 0.5
0.55  0.6 22.192890 1.002990 0.692501 2.593288 0.171673 2.0 2.5 0.5
0.6  0.65 18.296553 1.104341 0.769267 2.597382 0.171468 2.0 2.5 0.5
0.65  0.7 15.266762 1.199141 0.796283 2.605092 0.171695 2.0 2.5 0.5
0.7  0.75 13.143680 1.291251 0.913827 2.611478 0.170869 2.0 2.5 0.5
0.75  0.8 11.231996 1.412414 0.968947 2.624953 0.171438 2.0 2.5 0.5
0.8  0.85 9.807569 1.492710 0.992805 2.635710 0.171962 2.0 2.5 0.5
0.85  0.9 8.428618 1.608583 1.097343 2.647096 0.172653 2.0 2.5 0.5
0.9  1.0 6.783463 1.282995 1.133969 2.663886 0.174531 2.0 2.5 0.5
1.0  1.25 4.587766 0.980037 1.228008 2.715464 0.178844 2.0 2.5 0.5
1.25  1.5 2.669592 1.289122 1.321993 2.785283 0.186799 2.0 2.5 0.5
1.5  2.0 1.470031 1.222930 1.216052 2.872241 0.197931 2.0 2.5 0.5
2.0  3.0 0.607956 1.341495 1.264753 2.971449 0.215278 2.0 2.5 0.5
3.0  4.0 0.257123 2.060557 1.460805 2.995728 0.228504 2.0 2.5 0.5
4.0  6.0 0.115033 2.172421 1.427326 2.997330 0.234449 2.0 2.5 0.5
6.0  12.0 0.035710 2.326329 1.405156 2.986188 0.239960 2.0 2.5 0.5
12.0  25.0 0.008098 3.316488 1.328741 2.929770 0.232394 2.0 2.5 0.5